0.0
0.0
0.0
0.3568
0.3568
0.362
0.3685
0.3698
0.371266666667
0.380366666667
0.389466666667
0.3984
0.403633333333
0.414066666667
0.4245
0.4297
0.4297
0.4297
0.4297
0.4297
0.4297
0.4297
0.431
0.4414
0.4518
0.4609
0.4609
0.4609
0.4609
0.4609
0.4609
0.466133333333
0.476566666667
0.487
0.4922
0.4922
0.4922
0.4922
0.4922
0.4922
0.4922
0.4922
0.4935
0.4948
0.4961
0.496266666667
0.496433333333
0.4966
0.4966
0.496933333333
0.497566666667
0.5065
0.5164
0.526
0.518033333333
0.507633333333
0.495933333333
0.4883
0.476566666667
0.466133333333
0.451966666667
0.442866666667
0.442866666667
0.4518
0.4609
0.4609
0.4505
0.429666666667
0.399733333333
0.3789
0.359366666667
0.347633333333
0.3372
0.326966666667
0.316566666667
0.306166666667
0.3047
0.3047
0.3047
0.306
0.3164
0.3268
0.3359
0.3359
0.3359
0.3372
0.342433333333
0.352866666667
0.362
0.3685
0.3698
0.371266666667
0.371266666667
0.369966666667
0.359366666667
0.347633333333
0.3281
0.3164
0.3073
0.3073
0.308766666667
0.317866666667
0.326966666667
0.3359
0.3359
0.3372
0.342433333333
0.352866666667
0.362
0.3672
0.3685
0.3698
0.3711
0.3711
0.3711
0.371266666667
0.372066666667
0.381166666667
0.3901
0.3984
0.3893
0.3789
0.3633
0.351566666667
0.3322
0.317866666667
0.308933333333
0.317866666667
0.326966666667
0.341133333333
0.351566666667
0.362
0.3672
0.3672
0.3672
0.3672
0.3685
0.3698
0.371266666667
0.372066666667
0.372866666667
0.3735
0.372866666667
0.372066666667
0.369966666667
0.3685
0.362
0.352866666667
0.342433333333
0.3372
0.3359
0.3359
0.3372
0.342433333333
0.352866666667
0.362
0.3685
0.3698
0.3711
0.3711
0.3711
0.3711
0.371266666667
0.371433333333
0.380533333333
0.389466666667
0.403633333333
0.408866666667
0.4193
0.4245
0.4245
0.414066666667
0.394533333333
0.3789
0.3633
0.351566666667
0.341133333333
0.3359
0.3372
0.3385
0.3398
0.3385
0.3372
0.3372
0.342433333333
0.352866666667
0.362
0.3672
0.3672
0.3672
0.3672
0.3685
0.3698
0.3711
0.3711
0.3698
0.3685
0.356766666667
0.337233333333
0.3164
0.295566666667
0.283833333333
0.265433333333
0.265433333333
0.270666666667
0.289066666667
0.2995
0.306
0.307466666667
0.317866666667
0.326966666667
0.3359
0.3359
0.341133333333
0.351566666667
0.362
0.3672
0.3672
0.3672
0.3672
0.3672
0.3672
0.3672
0.362
0.3568
0.3516
0.347666666667
0.347666666667
0.347666666667
0.3568
0.362
0.3672
0.3685
0.3685
0.3685
0.3672
0.3672
0.3672
0.3672
0.3672
