Maze threshold 
0.0
0.0
0.0
1.4336
1.4336
1.4336
1.4336
1.4336
1.4336
1.4336
1.4336
1.4336
1.4336
1.4336
1.4336
1.4336
1.4336
1.4336
1.4336
1.4336
1.4336
1.4336
1.4336
1.4336
1.4336
1.4336
1.4336
1.4336
1.4336
1.4336
1.4336
1.4336
1.4336
1.4336
1.4323
1.431
1.41096666667
1.39223333333
1.3735
1.37333333333
1.37316666667
1.373
1.373
1.373
1.37236666667
1.37173333333
1.3711
1.3711
1.3711
1.3711
1.3711
1.3711
1.3711
1.3711
1.3711
1.3711
1.3711
1.3711
1.3711
1.3711
1.3711
1.3711
1.3711
1.3711
1.3711
1.3711
1.3711
1.3711
1.3711
1.3711
1.3711
1.3711
1.3711
1.3711
1.3711
1.3711
1.3711
1.3711
1.36066666667
1.35023333333
1.3398
1.3398
1.3398
1.3398
1.3398
1.3294
1.29896666667
1.28856666667
1.29896666667
1.33983333333
1.36066666667
1.3711
1.3711
1.36066666667
1.35023333333
1.3398
1.3398
1.3398
1.3398
1.3398
1.3398
1.3398
1.3398
1.3398
1.3398
1.3398
1.3398
1.3398
1.3398
1.3398
1.3398
1.3398
1.3398
1.3398
1.3398
1.3398
1.33003333333
1.32026666667
1.30986666667
1.30923333333
1.3086
1.3086
1.3086
1.3086
1.3086
1.3086
1.3086
1.30876666667
1.30893333333
1.30956666667
1.31003333333
1.32026666667
1.33003333333
1.3398
1.3398
1.3398
1.3302
1.29896666667
1.28856666667
1.28776666667
1.3086
1.3086
1.3086
1.3086
1.3086
1.29816666667
1.27813333333
1.2573
1.2469
1.2461
1.2461
1.23566666667
1.215
1.19416666667
1.18376666667
1.1836
1.1836
1.1836
1.1836
1.1836
1.1836
1.1823
1.16226666667
1.14206666667
1.12253333333
1.12173333333
1.1211
1.1211
1.1211
1.11066666667
1.10023333333
1.08003333333
1.07026666667
1.05986666667
1.05986666667
1.06003333333
1.07043333333
1.0706
1.07043333333
1.06003333333
1.05923333333
1.0586
1.0586
1.0586
1.0586
1.0594
1.0698
1.0802
1.0898
1.0898
1.10023333333
1.11066666667
1.1211
1.1211
1.1211
1.1211
1.1211
1.1211
1.1211
1.1211
1.1211
1.1198
1.1185
1.1172
1.1172
1.1172
1.10806666667
1.09893333333
1.0898
1.0898
1.10023333333
1.11066666667
1.1211
1.1211
1.1211
1.1211
1.1211
1.1211
1.1211
1.1211
1.1211
1.12173333333
1.12236666667
1.12316666667
1.12333333333
1.1235
1.12383333333
1.14256666667
1.1613
1.1797
1.181
1.1823
1.1836
1.1823
1.181
1.1797
1.1797
1.1797
1.181
1.1823
1.1836
1.1836
1.1836
1.1836
1.1836
1.1836
1.1836
1.1836
1.1836
1.1836
1.1836
1.1836
1.1836
1.1836
1.1836
1.1836
1.1836
1.1836
1.1823
1.181
1.181
1.1823
1.1836
1.1836
1.1836
1.1836
1.1836
1.1836
1.1836
1.1836
1.1836
1.1836
1.1836
1.1836
1.1836
1.1836
1.1836
1.1836
1.1836
1.1836
1.1836
1.1836
1.1836
1.1836
1.1836
1.1836
1.1836
1.1836
1.1836
1.1836
1.1836
1.1836
1.1836
1.1836
1.1836
1.1836
1.1836
1.1836
1.1836
1.1836
1.1836
1.1836
1.1836
1.1836
1.1836
1.1836
1.1823
1.181
1.1797
1.1797
1.181
1.1823
1.1836
1.1836
1.1836
1.1823
1.181
1.1797
1.1613
1.1613
1.1613
1.1613
1.14256666667
1.12383333333
1.1235
1.1235
1.1235
1.12383333333
1.12416666667
1.1245
1.1245
1.1245
1.1429
1.1613
1.1797
1.181
1.1823
1.1836
1.1836
1.1836
1.1836
1.1836
1.1836
1.1836
1.1836
1.1836
1.1836
1.1836
1.1836
1.1836
1.1836
1.1836
1.1836
1.1836
1.1836
1.1836
1.1836
1.1836
1.1836
1.1836
1.1836
1.1836
1.1836
1.1836
1.1836
1.1836
1.1836
1.1836
1.1836
1.1836
1.1836
1.1836
1.1836
1.1836
1.1836
1.1836
1.1836
1.1836
1.1836
1.1836
1.1836
1.1836
1.1836
1.1836
1.1836
1.1836
1.1836
1.1836
1.1836
1.1836
1.1836
1.1836
1.1836
1.1836
1.1836
1.1836
1.1836
1.1836
1.1836
1.1836
1.18376666667
1.18393333333
1.18456666667
1.1852
1.19543333333
1.1956
1.1956
1.18536666667
1.18456666667
1.18376666667
1.1836
1.1836
1.1836
1.1836
1.1836
1.1836
1.1836
1.1836
1.1836
1.1836
1.1836
1.18376666667
1.18376666667
1.18376666667
1.1836
1.1836
1.1836
1.1836
1.1836
1.1836
1.1836
1.1836
1.1836
1.18423333333
1.19463333333
1.17493333333
1.17446666667
1.17446666667
1.19433333333
1.19416666667
1.18376666667
1.1836
1.1823
1.1621
1.14126666667
1.12173333333
1.10026666667
1.07943333333
1.04816666667
1.03773333333
1.026
1.0195
1.0182
0.988266666667
0.962233333333
0.9323
0.931
0.911633333333
0.8908
0.871433333333
0.871266666667
0.869966666667
0.8685
0.858066666667
0.838533333333
0.819
0.8086
0.8073
0.806
0.8047
0.8047
0.826833333333
0.8698
0.921866666667
0.920566666667
0.898433333333
0.8672
0.8685
0.8698
0.8711
