0 1.02262 0.395
1 1.0078 0.41
2 0.98827 0.425
3 0.98554 0.425
4 1.0078 0.425
5 1.0078 0.415
6 1.0078 0.41
7 1.0078 0.405
8 1.04705 0.4
9 1.13071 0.385
10 1.19003 0.375
11 1.23632 0.37
12 1.2461 0.365
13 1.24748 0.36
14 1.30547 0.355
15 1.30195 0.355
16 1.29569 0.0
17 1.30195 0.36
18 1.28954 0.36
19 1.3086 0.36
20 1.30782 0.36
21 1.30234 0.36
22 1.30821 0.36
23 1.3086 0.36
24 1.3086 0.355
25 1.3086 0.35
26 1.3086 0.35
27 1.2889 0.35
28 1.26852 0.35
29 1.29843 0.345
30 1.25037 0.345
31 1.20863 0.345
32 1.17652 0.345
33 1.19901 0.345
34 1.2207 0.345
35 1.19627 0.345
36 1.13484 0.38
37 1.1211 0.405
38 1.09005 0.425
39 1.06589 0.43
40 1.10859 0.435
41 0.97967 0.435
42 0.75898 0.44
43 0.63587 0.44
44 0.67076 0.44
45 0.99121 0.44
46 1.9991 0.44
47 1.99945 0.44
48 1.9995 0.44
49 1.9995 0.44
50 1.9995 0.44
51 1.9995 0.44
52 1.9995 0.44
53 1.9995 0.44
54 1.9995 0.44
55 1.9995 0.0
56 1.9995 0.0
57 1.9995 0.0
58 1.9995 0.0
59 1.9995 0.0
60 1.9995 0.0
61 1.9995 0.0
62 1.9995 0.0
63 1.9995 0.0
64 1.9995 0.0
65 1.9995 0.0
66 1.9995 0.0
67 1.9995 0.0
68 1.9995 0.0
69 1.9995 0.0
70 1.9995 0.0
71 1.9995 0.0
72 1.9995 0.0
73 1.9995 0.0
74 1.9995 0.0
75 1.99945 0.0
76 1.9995 0.0
77 1.9995 0.0
78 1.9995 0.0
79 1.9995 0.0
80 1.9995 0.0
81 1.9995 0.0
82 1.9995 0.0
83 1.9995 0.0
84 1.9995 0.0
85 1.9995 0.0
86 1.9995 0.0
87 1.9995 0.0
88 1.9995 0.0
89 1.9995 0.0
90 1.9995 0.0
91 1.9995 0.0
92 1.9995 0.195
93 1.99945 0.195
94 1.99945 0.195
95 1.9995 0.195
96 1.9995 0.195
97 1.9995 0.0
98 1.99945 0.0
99 1.99945 0.0
100 1.9995 0.0
101 1.99945 0.0
102 1.9995 0.0
103 1.9995 0.0
104 1.99945 0.0
105 1.99945 0.0
106 1.99945 0.0
107 1.99945 0.0
108 1.99945 0.0
109 1.99945 0.0
110 1.9995 0.0
111 1.9995 0.0
112 1.9995 0.0
113 1.9994 0.0
114 1.9995 0.0
115 1.99945 0.0
116 1.9995 0.0
117 1.9995 0.0
118 1.99945 0.0
119 1.99945 0.0
