0 1.0273 0.0
1 1.02184 0.0
2 1.0078 0.0
3 1.00897 0.0
4 1.01131 0.0
5 1.0078 0.0
6 1.0078 0.0
7 1.0078 0.0
8 1.01131 0.0
9 1.02301 0.0
10 1.02652 0.0
11 1.02613 0.0
12 1.0195 0.32
13 1.0078 0.32
14 1.00819 0.32
15 1.00819 0.32
16 1.02379 0.32
17 1.0234 0.32
18 1.00936 0.32
19 1.0078 0.32
20 1.0078 0.32
21 1.0078 0.32
22 0.98162 0.32
23 0.93365 0.325
24 0.9336 0.33
25 0.9336 0.33
26 0.9336 0.335
27 0.93365 0.35
28 0.9707 0.35
29 0.9186 0.365
30 0.8711 0.375
31 0.86096 0.365
32 0.84254 0.36
33 0.82385 0.355
34 0.80875 0.35
35 0.8086 0.345
36 0.80821 0.345
37 0.8047 0.345
38 0.8004 0.36
39 0.76136 0.37
40 0.7462 0.38
41 0.74571 0.375
42 0.72583 0.36
43 0.71207 0.0
44 0.69452 0.0
45 0.68282 0.0
46 0.68048 0.0
47 0.66444 0.0
48 0.6754 0.0
49 0.68048 0.0
50 0.68243 0.0
51 0.64565 0.0
52 0.62255 0.0
53 0.65566 0.0
54 0.6797 0.0
55 0.64082 0.0
56 0.61837 0.0
57 0.6172 0.0
58 0.6172 0.0
59 0.62071 0.0
60 0.6211 0.0
61 0.6211 0.0
62 0.59228 0.0
63 0.56287 0.0
64 0.5838 0.0
65 0.6 0.0
66 0.6172 0.0
67 0.61876 0.0
68 0.6211 0.0
69 0.6211 0.0
70 0.6211 0.0
71 0.6211 0.0
72 0.6211 0.0
73 0.6211 0.0
74 0.64537 0.24
75 0.62886 0.24
76 0.6211 0.24
77 0.6211 0.245
78 0.6211 0.255
79 0.62135 0.26
80 0.62312 0.265
81 0.6235 0.265
82 0.6237 0.265
83 0.62649 0.265
84 0.64635 0.265
85 0.66094 0.27
86 0.67502 0.27
87 0.67346 0.27
88 0.67696 0.27
89 0.66553 0.27
90 0.69062 0.0
91 0.68087 0.0
92 0.68204 0.0
93 0.6836 0.0
94 0.6836 0.0
95 0.6836 0.0
96 0.6836 0.0
97 0.6836 0.0
98 0.6837 0.0
99 0.69199 0.0
100 0.70286 0.335
101 0.7109 0.335
102 0.7109 0.335
103 0.7109 0.335
104 0.70549 0.34
105 0.71246 0.35
106 0.7148 0.355
107 0.72462 0.36
108 0.73908 0.36
109 0.7422 0.365
110 0.7422 0.37
111 0.7422 0.37
112 0.74298 0.375
113 0.74532 0.38
114 0.74415 0.38
115 0.74571 0.385
116 0.7461 0.385
117 0.74532 0.385
118 0.7461 0.385
119 0.74615 0.385
120 0.7463 0.385
121 0.75809 0.385
122 0.77652 0.385
123 0.77345 0.385
124 0.79378 0.385
125 0.80314 0.385
126 0.8047 0.385
127 0.8047 0.385
128 0.80665 0.385
129 0.8086 0.385
130 0.8086 0.385
131 0.8086 0.385
132 0.8088 0.385
133 0.82255 0.385
134 0.83902 0.385
135 0.8398 0.385
136 0.84764 0.385
137 0.86564 0.385
138 0.8672 0.385
139 0.86915 0.385
140 0.8711 0.385
141 0.8711 0.385
142 0.8711 0.385
143 0.87115 0.385
144 0.87748 0.385
145 0.90152 0.385
146 0.9117 0.385
147 0.9297 0.385
148 0.9297 0.385
149 0.9297 0.385
150 0.93087 0.375
151 0.9336 0.37
152 0.9336 0.36
153 0.9336 0.36
154 0.9336 0.36
155 0.93921 0.355
156 0.96678 0.35
157 0.96683 0.345
158 1.00311 0.33
159 1.0078 0.32
160 1.0078 0.315
161 1.0078 0.31
162 1.0078 0.315
163 1.0078 0.325
164 1.0078 0.325
165 1.0078 0.33
166 1.0078 0.335
167 1.01638 0.34
168 1.0234 0.35
169 1.0234 0.36
170 1.02379 0.365
171 1.02652 0.375
172 1.0273 0.375
173 1.0273 0.37
174 1.0273 0.365
175 1.0273 0.36
176 1.0273 0.36
177 1.03004 0.365
178 1.04648 0.37
179 1.05509 0.375
180 1.03399 0.37
181 1.04296 0.365
182 1.0586 0.365
183 1.0586 0.36
184 1.0586 0.355
185 1.0586 0.355
186 1.0586 0.36
187 1.0586 0.36
188 1.0586 0.365
189 1.0586 0.365
190 1.0586 0.36
191 1.05998 0.35
192 1.06022 0.34
193 1.061 0.335
194 1.06964 0.33
195 1.06959 0.325
196 1.08404 0.325
197 1.0898 0.325
198 1.10467 0.325
199 1.1211 0.325
200 1.1211 0.325
201 1.1211 0.33
202 1.1211 0.33
203 1.11797 0.325
204 1.11132 0.32
205 1.09628 0.32
206 1.10906 0.315
207 1.10258 0.32
208 1.1211 0.325
209 1.1211 0.33
210 1.11196 0.33
211 1.1211 0.32
212 1.72825 0.31
213 1.97542 0.3
214 1.99945 0.29
215 1.9995 0.28
216 1.9995 0.27
217 1.9995 0.27
218 1.9995 0.265
219 1.9995 0.265
220 1.9995 0.265
221 1.9995 0.265
222 1.9995 0.265
223 1.9995 0.265
224 1.9995 0.265
225 1.9995 0.265
226 1.9995 0.265
227 1.9995 0.27
228 1.9995 0.27
229 1.9995 0.27
230 1.9995 0.27
231 1.9995 0.27
232 1.9995 0.27
233 1.9995 0.27
234 1.9995 0.27
235 1.9995 0.27
236 1.9995 0.275
237 1.9995 0.275
238 1.9995 0.275
239 1.9995 0.275
240 1.9995 0.275
241 1.9995 0.275
242 1.9995 0.275
243 1.9995 0.27
244 1.9995 0.27
245 1.9995 0.27
246 1.9995 0.27
247 1.9995 0.27
248 1.9995 0.34
249 1.9995 0.385
250 1.9995 0.425
251 1.9995 0.45
252 1.9995 0.45
253 1.9995 0.475
254 1.9995 0.49
255 1.9995 0.5
256 1.9995 0.51
257 1.9995 0.515
258 1.9995 0.52
259 1.9995 0.525
260 1.9995 0.525
261 1.9995 0.53
262 1.9995 0.53
263 1.9995 0.53
264 1.9995 0.535
265 1.9995 0.535
266 1.9995 0.535
267 1.9995 0.535
268 1.9995 0.535
269 1.9995 0.535
270 1.9995 0.535
271 1.9995 0.535
272 1.9995 0.535
273 1.9995 0.535
274 1.9995 0.535
275 1.9995 0.535
276 1.9995 0.535
277 1.9995 0.535
278 1.9995 0.535
279 1.9995 0.535
280 1.9995 0.535
281 1.9995 0.535
282 1.9995 0.535
283 1.9995 0.535
284 1.9995 0.535
285 1.9995 0.535
286 1.9995 0.535
287 1.9995 0.535
288 1.9995 0.535
289 1.9995 0.535
290 1.9995 0.535
291 1.9995 0.535
292 1.98608 0.535
293 1.96312 0.535
294 1.95696 0.535
295 1.9664 0.53
296 1.9656 0.53
297 1.966 0.53
298 1.8656 0.53
299 1.66296 0.53
