0 0.79846 0.3
1 0.79728 0.355
2 0.80587 0.4
3 0.8086 0.43
4 0.80821 0.455
5 0.8004 0.475
6 0.77848 0.49
7 0.7773 0.0
8 0.7773 0.5
9 0.79884 0.5
10 0.80704 0.505
11 0.81957 0.505
12 0.83668 0.5
13 0.83341 0.5
14 0.83307 0.475
15 0.80865 0.46
16 0.80665 0.445
17 0.80665 0.44
18 0.80665 0.43
19 0.8086 0.43
20 0.80743 0.43
21 0.78162 0.43
22 0.75186 0.43
23 0.7874 0.43
24 0.8047 0.43
25 0.8047 0.43
26 0.8047 0.43
27 0.80509 0.43
28 0.8004 0.43
29 0.78594 0.39
30 0.80314 0.365
31 0.8047 0.34
32 0.81148 0.325
33 0.82566 0.31
34 0.80782 0.3
35 0.80392 0.29
36 0.75395 0.29
37 0.7422 0.345
38 0.74415 0.39
39 0.74615 0.425
40 0.76999 0.45
41 0.80158 0.45
42 0.8047 0.465
43 0.80626 0.485
44 0.8086 0.495
45 0.8086 0.505
46 0.80865 0.51
47 0.83517 0.585
48 0.81182 0.645
49 0.81187 0.685
50 0.83902 0.625
51 0.83941 0.575
52 0.83785 0.54
53 0.85898 0.515
54 0.8672 0.495
55 0.90664 0.48
56 0.86488 0.47
57 0.76665 0.47
58 0.73086 0.46
59 0.74693 0.455
60 0.88169 0.45
61 1.14902 0.445
62 1.27422 0.44
63 1.30946 0.44
64 1.40609 0.44
65 1.43525 0.435
66 1.40594 0.435
67 1.47439 0.435
68 1.50389 0.435
69 1.50936 0.435
70 1.3575 0.435
71 0.94771 0.435
72 0.92774 0.435
73 0.8894 0.435
74 0.9531 0.435
75 1.01872 0.435
76 1.0078 0.435
77 0.97812 0.435
78 0.9336 0.435
79 0.93282 0.435
80 0.9336 0.435
81 0.96953 0.435
82 0.85625 0.435
83 0.8672 0.435
84 0.86993 0.0
85 0.8711 0.0
86 0.8711 0.0
87 0.8711 0.0
88 0.86758 0.0
89 0.86641 0.0
90 0.94727 0.0
91 0.95938 0.0
92 1.84988 0.0
93 1.95035 0.0
94 1.99573 0.0
95 1.99945 0.0
96 1.9995 0.0
97 1.9995 0.0
98 1.9995 0.0
99 1.9995 0.0
100 1.9995 0.0
101 1.9995 0.0
102 1.9987 0.0
103 1.99855 0.0
104 1.9995 0.0
105 1.9995 0.0
106 1.9995 0.0
107 1.9995 0.0
108 1.9995 0.0
109 1.9995 0.0
110 1.9995 0.0
111 1.99945 0.0
112 1.9995 0.0
113 1.9995 0.0
114 1.9995 0.0
115 1.9995 0.0
116 1.9995 0.0
117 1.9995 0.0
118 1.9995 0.0
119 1.9995 0.0
