0 1.3711 0.485
1 1.3711 0.48
2 1.3711 0.0
3 1.3711 0.48
4 1.3711 0.485
5 1.3711 0.485
6 1.37296 0.485
7 1.37239 0.48
8 1.36503 0.475
9 1.31339 0.475
10 1.36171 0.47
11 1.4079 0.47
12 1.4336 0.47
13 1.43436 0.47
14 1.43824 0.475
15 1.44022 0.475
16 1.4336 0.475
17 1.4336 0.48
18 1.4336 0.48
19 1.4336 0.485
20 1.4336 0.49
21 1.4336 0.49
22 1.39397 0.49
23 1.37196 0.485
24 1.3967 0.485
25 1.37177 0.485
26 1.3711 0.48
27 1.37508 0.48
28 1.42446 0.475
29 1.4336 0.475
30 1.41244 0.475
31 1.38522 0.475
32 1.39426 0.475
33 1.42158 0.475
34 1.4336 0.475
35 1.4336 0.475
36 1.42656 0.475
37 1.41795 0.48
38 1.37201 0.48
39 1.34338 0.485
40 1.3121 0.49
41 1.3711 0.49
42 1.36171 0.495
43 1.37196 0.495
44 1.39338 0.5
45 1.4182 0.5
46 1.42695 0.5
47 1.38224 0.5
48 1.34321 0.5
49 1.26542 0.505
50 1.13696 0.505
51 1.05879 0.51
52 1.1057 0.51
53 1.07782 0.51
54 1.10643 0.515
55 1.24046 0.515
56 1.57753 0.515
57 1.78113 0.515
58 1.67229 0.515
59 1.6232 0.515
60 1.72108 0.515
61 1.8086 0.515
62 1.80993 0.515
63 1.86191 0.515
64 1.84353 0.515
65 1.81065 0.515
66 1.8625 0.515
67 1.87603 0.515
68 1.87243 0.515
69 1.8711 0.515
70 1.87167 0.515
71 1.87243 0.515
72 1.8711 0.515
73 1.87167 0.515
74 1.87148 0.515
75 1.87129 0.515
76 1.8711 0.515
77 1.86231 0.515
78 1.86231 0.515
79 1.8711 0.515
80 1.8711 0.515
81 1.86211 0.515
82 1.84691 0.515
83 1.82848 0.515
84 1.81627 0.5
85 1.80879 0.49
86 1.78669 0.48
87 1.75858 0.47
88 1.74297 0.47
89 1.74297 0.465
90 1.75858 0.465
91 1.7461 0.46
92 1.70964 0.455
93 1.75858 0.455
94 1.72731 0.455
95 1.75546 0.46
96 1.7617 0.46
97 1.7461 0.46
98 1.69103 0.455
99 1.69449 0.455
100 1.6858 0.455
101 1.69732 0.455
102 1.68379 0.455
103 1.65321 0.455
104 1.62196 0.455
105 1.67759 0.455
106 1.68398 0.455
107 1.6836 0.455
108 1.6836 0.455
109 1.68474 0.46
110 1.68455 0.46
111 1.6836 0.46
112 1.6836 0.455
113 1.6836 0.45
114 1.66532 0.45
115 1.62608 0.445
116 1.66795 0.44
117 1.63801 0.435
118 1.62186 0.43
119 1.40082 0.43
120 0.93009 0.43
121 1.29882 0.0
122 1.9664 0.0
123 1.99915 0.0
124 1.9995 0.0
125 1.9995 0.0
126 1.9994 0.0
127 1.9995 0.0
128 1.9995 0.0
129 1.9995 0.0
130 1.9995 0.0
131 1.9995 0.0
132 1.9995 0.0
133 1.9995 0.0
134 1.9995 0.0
135 1.9995 0.0
136 1.9995 0.0
137 1.9995 0.0
138 1.9994 0.0
139 1.9995 0.0
140 1.9995 0.0
141 1.9995 0.0
142 1.9995 0.0
143 1.9995 0.0
144 1.9995 0.0
145 1.9995 0.0
146 1.9995 0.0
147 1.9995 0.0
148 1.9995 0.0
149 1.9995 0.0
