0 1.9991 0.0
1 1.99915 0.0
2 1.9993 0.0
3 1.99925 0.0
4 1.99925 0.0
5 1.99915 0.0
6 1.9991 0.0
7 1.99925 0.0
8 1.9991 0.0
9 1.99925 0.0
10 1.99915 0.0
11 1.9993 0.0
12 1.9991 0.0
13 1.99915 54.0
14 1.99905 54.0
15 1.99905 54.0
16 1.9992 54.0
17 1.99915 54.0
18 1.9991 54.0
19 1.9993 55.0
20 1.9991 69.0
21 1.9991 0.0
22 1.99925 80.0
23 1.9991 80.0
24 1.9993 88.0
25 1.9992 83.0
26 1.9992 79.0
27 1.99905 76.0
28 1.99915 71.0
29 1.9991 67.0
30 1.9992 64.0
31 1.99915 75.0
32 1.99915 83.0
33 1.99905 89.0
34 1.99915 94.0
35 1.9992 97.0
36 1.99915 100.0
37 1.9992 89.0
38 1.9992 80.0
39 1.9992 73.0
40 1.99915 69.0
41 1.9992 65.0
42 1.99905 65.0
43 1.99915 62.0
44 1.9991 60.0
45 1.9992 59.0
46 1.99915 71.0
47 1.9991 80.0
48 1.9991 87.0
49 1.99915 92.0
50 1.9991 96.0
51 1.99905 98.0
52 1.9991 100.0
53 1.99915 101.0
54 1.99915 102.0
55 1.99905 103.0
56 1.99915 103.0
57 1.99925 104.0
58 1.99905 104.0
59 1.9992 105.0
60 1.9991 105.0
61 1.9991 106.0
62 1.9992 106.0
63 1.9993 106.0
64 1.9992 106.0
65 1.99925 107.0
66 1.9991 107.0
67 1.99925 107.0
68 1.9991 107.0
69 1.9992 107.0
70 1.99905 107.0
71 1.9991 107.0
72 1.99915 107.0
73 1.9991 107.0
74 1.99905 107.0
75 1.9991 107.0
76 1.99925 107.0
77 1.9991 107.0
78 1.99915 107.0
79 1.9991 107.0
80 1.9992 107.0
81 1.9991 107.0
82 1.99915 107.0
83 1.99905 107.0
84 1.9993 107.0
85 1.9992 107.0
86 1.9991 107.0
87 1.999 107.0
88 1.9992 107.0
89 1.9992 107.0
90 1.9993 135.0
91 1.99915 156.0
92 1.99905 171.0
93 1.99915 148.0
94 1.99925 131.0
95 1.99905 117.0
96 1.9991 107.0
97 1.9994 107.0
98 1.9992 99.0
99 1.999 114.0
100 1.9992 125.0
101 1.9992 134.0
102 1.99925 140.0
103 1.9991 145.0
104 1.99925 149.0
105 1.9991 152.0
106 1.99925 155.0
107 1.9992 157.0
108 1.99915 158.0
109 1.9991 137.0
110 1.9991 120.0
111 1.9991 108.0
112 1.99905 99.0
113 1.9992 92.0
114 1.99915 87.0
115 1.9992 87.0
116 1.9992 83.0
117 1.99905 80.0
118 1.99915 78.0
119 1.99915 77.0
