0 1.18984 0.53
1 1.16567 0.53
2 1.12306 0.535
3 1.12278 0.0
4 1.13519 0.535
5 1.15326 0.535
6 1.18282 0.535
7 1.1647 0.53
8 1.15859 0.53
9 1.16421 0.51
10 1.18321 0.495
11 1.14124 0.485
12 1.2336 0.48
13 1.19941 0.475
14 1.1836 0.475
15 1.1836 0.465
16 1.14148 0.46
17 1.15917 0.46
18 1.1836 0.455
19 1.21509 0.46
20 1.24965 0.46
21 1.33113 0.46
22 1.33066 0.465
23 1.435 0.465
24 1.58141 0.47
25 1.57151 0.47
26 1.55898 0.47
27 1.5609 0.475
28 1.55974 0.48
29 1.54509 0.48
30 1.46188 0.48
31 1.43398 0.48
32 1.37797 0.48
33 1.38537 0.48
34 1.42797 0.48
35 1.4246 0.48
36 1.37129 0.475
37 1.47614 0.475
38 1.51638 0.47
39 1.55358 0.47
40 1.55728 0.47
41 1.57823 0.47
42 1.60232 0.47
43 1.6211 0.465
44 1.6211 0.465
45 1.5684 0.465
46 1.5586 0.465
47 1.53982 0.465
48 1.53043 0.46
49 1.5273 0.46
50 1.5273 0.455
51 1.5273 0.455
52 1.5117 0.45
53 1.52418 0.45
54 1.47713 0.45
55 1.45369 0.45
56 1.39672 0.45
57 1.37759 0.45
58 1.37167 0.45
59 1.35254 0.445
60 1.33742 0.445
61 1.3254 0.44
62 1.30927 0.44
63 1.31253 0.44
64 1.37546 0.435
65 1.4336 0.435
66 1.41214 0.435
67 1.34076 0.435
68 1.30879 0.44
69 1.30965 0.44
70 1.34939 0.44
71 1.33672 0.46
72 1.35566 0.475
73 1.3711 0.485
74 1.42129 0.47
75 1.4336 0.46
76 1.41291 0.455
77 1.27109 0.45
78 1.20277 0.45
79 1.1836 0.455
80 1.1836 0.455
81 1.21507 0.46
82 1.2461 0.47
83 1.25123 0.48
84 1.2482 0.485
85 1.2461 0.48
86 1.18657 0.465
87 1.08715 0.455
88 1.05782 0.45
89 1.06508 0.445
90 1.09944 0.45
91 1.07242 0.46
92 1.05941 0.47
93 1.06901 0.48
94 1.13032 0.485
95 1.13475 0.485
96 1.17129 0.49
97 1.15883 0.495
98 1.1059 0.495
99 1.06132 0.495
100 1.21815 0.495
101 1.44726 0.495
102 1.55955 0.5
103 1.47245 0.505
104 1.55603 0.51
105 1.61835 0.515
106 1.55879 0.52
107 1.5586 0.52
108 1.53982 0.525
109 1.5586 0.525
110 1.55547 0.525
111 1.55234 0.525
112 1.51794 0.525
113 1.53043 0.525
114 1.52106 0.525
115 1.45134 0.52
116 1.50836 0.515
117 1.52379 0.515
118 1.19491 0.51
119 1.14047 0.5
