0 1.4336 0.0
1 1.4336 0.0
2 1.4336 0.0
3 1.4336 0.0
4 1.4336 0.255
5 1.4336 0.255
6 1.4336 0.255
7 1.4336 0.26
8 1.4336 0.26
9 1.4336 0.33
10 1.4336 0.38
11 1.4336 0.42
12 1.39431 0.385
13 1.37129 0.355
14 1.3711 0.335
15 1.3711 0.0
16 1.34293 0.32
17 1.33692 0.375
18 1.31944 0.375
19 1.30879 0.42
20 1.3086 0.45
21 1.3086 0.47
22 1.3086 0.485
23 1.3086 0.5
24 1.30879 0.51
25 1.30898 0.515
26 1.3086 0.52
27 1.3086 0.525
28 1.30879 0.525
29 1.3107 0.53
30 1.31075 0.53
31 1.31022 0.53
32 1.3086 0.535
33 1.3086 0.535
34 1.3086 0.535
35 1.3086 0.535
36 1.30917 0.535
37 1.30955 0.535
38 1.30898 0.535
39 1.3086 0.535
40 1.3086 0.535
41 1.30917 0.535
42 1.30974 0.535
43 1.31036 0.535
44 1.30955 0.535
45 1.3086 0.535
46 1.3086 0.535
47 1.3086 0.535
48 1.3086 0.535
49 1.3086 0.535
50 1.3086 0.535
51 1.3086 0.535
52 1.3086 0.535
53 1.29555 0.535
54 1.27428 0.535
55 1.36174 0.535
56 1.38695 0.535
57 1.34335 0.53
58 1.20552 0.53
59 1.1059 0.53
60 1.06504 0.53
61 1.10566 0.53
62 1.00975 0.53
63 0.98904 0.53
64 1.0078 0.53
65 1.0078 0.53
66 1.01287 0.53
67 1.4596 0.53
68 1.9994 0.53
69 1.9995 0.53
70 1.9995 0.53
71 1.9994 0.53
72 1.99945 0.53
73 1.9995 0.53
74 1.9767 0.53
75 1.9991 0.53
76 1.9995 0.53
77 1.9995 0.53
78 1.9995 0.53
79 1.9995 0.53
80 1.9995 0.53
81 1.99945 0.53
82 1.9995 0.53
83 1.9995 0.53
84 1.99945 0.53
85 1.9995 0.53
86 1.99945 0.53
87 1.9995 0.53
88 1.99945 0.53
89 1.9995 0.53
90 1.9994 0.53
91 1.9995 0.53
92 1.9995 0.53
93 1.99945 0.53
94 1.9995 0.53
95 1.99945 0.53
96 1.9995 0.53
97 1.9994 0.53
98 1.99945 0.53
99 1.99945 0.53
100 1.99539 0.53
101 1.99945 0.53
102 1.99945 0.53
103 1.99945 0.53
104 1.9995 0.53
105 1.99935 0.53
106 1.9995 0.53
107 1.99945 0.53
108 1.9995 0.53
109 1.9993 0.53
110 1.99935 0.53
111 1.99945 0.53
112 1.9995 0.53
113 1.99945 0.0
114 1.99945 0.0
115 1.99945 0.0
116 1.99945 0.0
117 1.9995 0.0
118 1.99945 0.0
119 1.99945 0.0
