0 1.55898 0.0
1 1.54921 0.0
2 1.5586 0.0
3 1.54295 0.0
4 1.54295 0.0
5 1.53669 0.0
6 1.54295 0.0
7 1.54921 0.0
8 1.5586 0.155
9 1.55898 0.155
10 1.5586 0.155
11 1.5586 0.155
12 1.5586 0.195
13 1.5586 0.23
14 1.5586 0.26
15 1.5586 0.28
16 1.55898 0.3
17 1.55965 0.315
18 1.57171 0.32
19 1.6211 0.32
20 1.6211 0.33
21 1.59364 0.335
22 1.603 0.34
23 1.6211 0.34
24 1.63114 0.345
25 1.6211 0.345
26 1.6211 0.35
27 1.64922 0.35
28 1.6836 0.35
29 1.6533 0.35
30 1.62258 0.35
31 1.6211 0.35
32 1.6211 0.35
33 1.62186 0.35
34 1.623 0.35
35 1.62249 0.35
36 1.6211 0.35
37 1.62258 0.35
38 1.62186 0.35
39 1.6211 0.35
40 1.6211 0.345
41 1.6211 0.34
42 1.6381 0.335
43 1.63502 0.335
44 1.64654 0.33
45 1.67421 0.33
46 1.68047 0.33
47 1.67108 0.325
48 1.64426 0.325
49 1.64078 0.32
50 1.64113 0.32
51 1.67108 0.32
52 1.6682 0.32
53 1.6836 0.32
54 1.6836 0.325
55 1.6836 0.325
56 1.6836 0.33
57 1.6836 0.33
58 1.6836 0.33
59 1.63377 0.33
60 1.57252 0.33
61 1.5754 0.335
62 1.5898 0.335
63 1.66195 0.34
64 1.77418 0.34
65 1.7773 0.34
66 1.74922 0.335
67 1.7461 0.335
68 1.7461 0.335
69 1.7461 0.33
70 1.7461 0.33
71 1.75546 0.33
72 1.7461 0.33
73 1.75858 0.33
74 1.7773 0.33
75 1.75546 0.33
76 1.7461 0.33
77 1.73984 0.325
78 1.74296 0.325
79 1.7461 0.325
80 1.7461 0.325
81 1.7461 0.325
82 1.7461 0.325
83 1.7461 0.325
84 1.73358 0.325
85 1.72732 0.325
86 1.7461 0.325
87 1.7461 0.325
88 1.73671 0.325
89 1.7148 0.325
90 1.71793 0.325
91 1.7461 0.325
92 1.75546 0.325
93 1.74922 0.325
94 1.7461 0.32
95 1.74297 0.31
96 1.7461 0.3
97 1.73984 0.295
98 1.71793 0.29
99 1.69075 0.29
