0 1.8086 0.385
1 1.79921 0.385
2 1.7773 0.385
3 1.80547 0.385
4 1.8086 0.38
5 1.80234 0.38
6 1.8086 0.37
7 1.7773 0.365
8 1.78669 0.36
9 1.80234 0.0
10 1.8086 0.36
11 1.8086 0.36
12 1.78356 0.36
13 1.7773 0.36
14 1.76794 0.36
15 1.72732 0.365
16 1.7148 0.365
17 1.7148 0.365
18 1.68878 0.36
19 1.78109 0.36
20 1.8105 0.355
21 1.80898 0.355
22 1.8086 0.35
23 1.8086 0.35
24 1.8086 0.345
25 1.8086 0.345
26 1.80547 0.345
27 1.7773 0.34
28 1.8086 0.34
29 1.8086 0.34
30 1.79608 0.34
31 1.7773 0.34
32 1.7773 0.34
33 1.77418 0.34
34 1.76482 0.34
35 1.75234 0.35
36 1.7461 0.355
37 1.7461 0.365
38 1.7461 0.37
39 1.7461 0.37
40 1.7461 0.37
41 1.76482 0.37
42 1.7773 0.37
43 1.7773 0.37
44 1.7773 0.37
45 1.7773 0.365
46 1.7773 0.36
47 1.78982 0.355
48 1.80879 0.355
49 1.80955 0.35
50 1.80993 0.345
51 1.80955 0.345
52 1.80879 0.345
53 1.8086 0.34
54 1.8086 0.34
55 1.8086 0.34
56 1.8086 0.345
57 1.8086 0.35
58 1.8086 0.355
59 1.8086 0.355
60 1.8086 0.355
61 1.8086 0.36
62 1.8086 0.36
63 1.8086 0.36
64 1.8086 0.36
65 1.80955 0.36
66 1.81065 0.36
67 1.81085 0.36
68 1.8109 0.365
69 1.8106 0.365
70 1.8105 0.37
71 1.81353 0.375
72 1.8254 0.375
73 1.811 0.38
74 1.811 0.38
75 1.8109 0.38
76 1.81095 0.38
77 1.811 0.38
78 1.811 0.38
79 1.81959 0.38
80 1.8398 0.385
81 1.84 0.385
82 1.8398 0.385
83 1.8398 0.385
84 1.83404 0.385
85 1.81368 0.39
86 1.8086 0.4
87 1.81502 0.405
88 1.8406 0.41
89 1.84473 0.415
90 1.8406 0.42
91 1.82828 0.42
92 1.81388 0.42
93 1.81095 0.425
94 1.83484 0.425
95 1.86817 0.425
96 1.8711 0.425
97 1.8711 0.43
98 1.87186 0.43
99 1.873 0.435
