0 1.05665 0.54
1 1.0586 0.54
2 1.0586 0.54
3 1.0586 0.54
4 1.0586 0.54
5 1.0586 0.54
6 1.0586 0.54
7 1.0586 0.54
8 1.0586 0.54
9 1.04139 0.54
10 1.0273 0.0
11 1.0273 0.535
12 1.0273 0.535
13 1.04922 0.535
14 1.03004 0.53
15 1.03004 0.525
16 1.05235 0.525
17 1.05743 0.52
18 1.0586 0.52
19 1.0586 0.52
20 1.0586 0.52
21 1.0586 0.52
22 1.0586 0.52
23 1.0586 0.525
24 1.0586 0.525
25 1.0586 0.525
26 1.0586 0.525
27 1.0586 0.52
28 1.0586 0.52
29 1.0586 0.52
30 1.0586 0.52
31 1.0586 0.52
32 1.0586 0.52
33 1.0586 0.52
34 1.0586 0.52
35 1.0586 0.515
36 1.05743 0.515
37 1.03004 0.515
38 1.02691 0.51
39 1.0273 0.51
40 1.0273 0.505
41 1.0273 0.505
42 1.0273 0.505
43 1.04922 0.505
44 1.05626 0.505
45 1.0586 0.505
46 1.0586 0.505
47 1.0586 0.505
48 1.0586 0.505
49 1.05548 0.505
50 1.0547 0.505
51 1.05782 0.505
52 1.0586 0.505
53 1.0586 0.505
54 1.0586 0.505
55 1.0586 0.505
56 1.0586 0.505
57 1.0586 0.505
58 1.0586 0.505
59 1.0586 0.505
60 1.0586 0.505
61 1.0586 0.505
62 1.0586 0.505
63 1.05587 0.505
64 1.05196 0.505
65 1.05196 0.505
66 1.05743 0.5
67 1.0586 0.49
68 1.0586 0.48
69 1.0586 0.475
70 1.05704 0.47
71 1.03278 0.465
72 1.0273 0.46
73 1.0273 0.46
74 1.05196 0.46
75 1.0547 0.455
76 1.03278 0.455
77 1.01599 0.455
78 1.01014 0.455
79 1.01599 0.475
80 1.0078 0.49
81 1.0078 0.5
82 1.01014 0.51
83 1.0234 0.515
84 1.02535 0.52
85 1.03278 0.525
86 1.05821 0.525
87 1.0586 0.53
88 1.05548 0.53
89 1.0547 0.53
90 1.04648 0.535
91 1.0273 0.53
92 1.02691 0.53
93 1.0273 0.525
94 1.0273 0.525
95 1.05743 0.525
96 1.0586 0.525
97 1.0586 0.525
98 1.0586 0.525
99 1.0586 0.53
100 1.0586 0.53
101 1.0586 0.53
102 1.07219 0.535
103 1.14595 0.535
104 1.23065 0.53
105 1.2461 0.53
106 1.2461 0.53
107 1.2461 0.525
108 1.2461 0.525
109 1.2461 0.525
110 1.22425 0.525
111 1.16528 0.525
112 1.1211 0.53
113 1.12254 0.53
114 1.12196 0.53
115 1.12196 0.53
116 1.14638 0.535
117 1.14677 0.535
118 1.13373 0.535
119 1.10232 0.535
120 1.07252 0.535
121 1.1182 0.535
122 1.12172 0.535
123 1.12129 0.535
124 1.12941 0.535
125 1.1836 0.54
126 1.18243 0.54
127 1.1773 0.54
128 1.18282 0.54
129 1.18243 0.545
130 1.1836 0.54
131 1.1836 0.54
132 1.18379 0.54
133 1.1836 0.54
134 1.1846 0.535
135 1.1836 0.535
136 1.1836 0.535
137 1.1836 0.535
138 1.17642 0.535
139 1.12177 0.535
140 1.1211 0.535
141 1.08026 0.535
142 1.0586 0.535
143 1.01483 0.535
144 1.01131 0.535
145 0.93477 0.535
146 0.93165 0.535
147 0.96523 0.535
148 1.01482 0.535
149 1.03826 0.535
150 1.03278 0.54
151 1.0273 0.54
152 1.02691 0.54
153 1.01326 0.54
154 0.95039 0.54
155 0.92266 0.54
156 0.90622 0.54
157 0.97304 0.54
158 1.0078 0.54
159 1.02379 0.54
160 0.99998 0.54
161 0.99842 0.54
162 1.0078 0.54
163 1.0078 0.535
164 1.00819 0.53
165 1.01131 0.515
166 1.00819 0.495
167 1.02223 0.485
168 1.01248 0.47
169 1.0078 0.465
170 1.01014 0.455
171 0.93008 0.45
172 0.86016 0.445
173 0.8672 0.445
174 0.8711 0.44
175 0.87115 0.44
176 0.88284 0.44
177 0.88996 0.44
178 0.86681 0.435
179 0.8508 0.435
180 0.86759 0.435
181 0.88031 0.435
182 0.91836 0.435
183 0.93204 0.435
184 0.98085 0.435
185 0.93009 0.435
186 0.9297 0.435
187 0.93906 0.435
188 1.02811 0.435
189 1.03552 0.435
190 1.0273 0.435
191 1.04687 0.435
192 1.0586 0.435
193 1.0586 0.435
194 1.0586 0.435
195 1.0586 0.435
196 1.0586 0.435
197 1.08071 0.435
198 1.14638 0.44
199 1.23138 0.44
200 1.29281 0.44
201 1.3086 0.44
202 1.31618 0.445
203 1.3398 0.45
204 1.36171 0.455
205 1.34293 0.455
206 1.34606 0.46
207 1.3398 0.46
208 1.3398 0.46
209 1.36171 0.46
210 1.3711 0.465
211 1.3711 0.47
212 1.3711 0.48
213 1.3711 0.485
214 1.3711 0.485
215 1.3711 0.495
216 1.3711 0.505
217 1.3711 0.51
218 1.3711 0.515
219 1.3711 0.52
220 1.37167 0.52
221 1.373 0.525
222 1.37315 0.525
223 1.38214 0.525
224 1.43321 0.525
225 1.4336 0.525
226 1.4336 0.525
227 1.43243 0.53
228 1.39338 0.53
229 1.37301 0.53
230 1.3711 0.535
231 1.3711 0.535
232 1.3711 0.535
233 1.37234 0.535
234 1.3735 0.535
235 1.3735 0.535
236 1.3735 0.525
237 1.38214 0.51
238 1.4203 0.5
239 1.4336 0.495
240 1.4336 0.495
241 1.43282 0.495
242 1.42695 0.505
243 1.4336 0.51
244 1.4336 0.51
245 1.4336 0.515
246 1.4336 0.52
247 1.4336 0.525
248 1.39059 0.53
249 1.39665 0.53
250 1.43243 0.53
251 1.39078 0.53
252 1.4336 0.535
253 1.4336 0.535
254 1.39988 0.535
255 1.39088 0.535
256 1.4336 0.535
257 1.42695 0.53
258 1.42446 0.53
259 1.4336 0.53
260 1.4336 0.53
261 1.4336 0.525
262 1.4336 0.515
263 1.4336 0.505
264 1.4336 0.485
265 1.4336 0.47
266 1.4336 0.46
267 1.4336 0.45
268 1.4336 0.45
269 1.4336 0.45
270 1.4336 0.45
271 1.4336 0.45
272 1.4336 0.45
273 1.4336 0.45
274 1.4336 0.45
275 1.4336 0.45
276 1.4336 0.455
277 1.4336 0.455
278 1.4336 0.455
279 1.4336 0.455
280 1.4336 0.455
281 1.4336 0.455
282 1.4336 0.455
283 1.4336 0.455
284 1.4336 0.455
285 1.4336 0.455
286 1.4336 0.455
287 1.4336 0.455
288 1.4336 0.455
289 1.4336 0.455
290 1.4336 0.455
291 1.4336 0.455
292 1.4336 0.455
293 1.46229 0.47
294 1.49373 0.485
295 1.4648 0.495
296 1.4648 0.505
297 1.45308 0.51
298 1.44429 0.515
299 1.51014 0.52
300 1.50975 0.52
301 1.46187 0.525
302 1.43729 0.53
303 1.4336 0.53
304 1.4336 0.53
305 1.4336 0.515
306 1.4336 0.5
307 1.4336 0.5
308 1.44296 0.485
309 1.45601 0.47
310 1.4406 0.465
311 1.4336 0.455
312 1.4336 0.45
313 1.4336 0.445
314 1.4336 0.445
315 1.4336 0.44
316 1.43282 0.44
317 1.39113 0.445
318 1.37262 0.45
319 1.3711 0.45
320 1.3711 0.455
321 1.3711 0.45
322 1.3711 0.44
323 1.3711 0.43
324 1.35232 0.43
325 1.3254 0.425
326 1.311 0.42
327 1.34393 0.42
328 1.40585 0.415
329 1.37527 0.415
330 1.3711 0.415
331 1.3711 0.41
332 1.37205 0.41
333 1.3711 0.42
334 1.36171 0.425
335 1.32828 0.44
336 1.3106 0.445
337 1.30974 0.455
338 1.30974 0.46
339 1.31949 0.46
340 1.35858 0.46
341 1.32232 0.47
342 1.3097 0.485
343 1.33692 0.495
344 1.30917 0.505
345 1.3086 0.515
346 1.3086 0.52
347 1.3086 0.525
348 1.32823 0.525
349 1.3398 0.53
350 1.3398 0.53
351 1.36171 0.53
352 1.3711 0.53
353 1.3711 0.535
354 1.3711 0.535
355 1.34606 0.535
356 1.35232 0.535
357 1.3711 0.535
358 1.3711 0.535
359 1.3711 0.535
360 1.3711 0.535
361 1.3711 0.535
362 1.35858 0.525
363 1.3398 0.52
364 1.31646 0.515
365 1.34393 0.51
366 1.34919 0.505
367 1.34606 0.5
368 1.3398 0.5
369 1.34919 0.495
370 1.33692 0.495
371 1.31051 0.495
372 1.31896 0.495
373 1.30955 0.495
374 1.3086 0.495
375 1.3086 0.495
376 1.28695 0.495
377 1.27821 0.505
378 1.27386 0.51
379 1.26252 0.515
380 1.29281 0.52
381 1.27079 0.525
382 1.24734 0.53
383 1.25344 0.53
384 1.291 0.53
385 1.28552 0.53
386 1.26847 0.535
387 1.25301 0.535
388 1.27517 0.535
389 1.24634 0.535
390 1.2461 0.535
391 1.2461 0.53
392 1.2461 0.53
393 1.2461 0.53
394 1.2461 0.53
395 1.2461 0.53
396 1.2461 0.53
397 1.2461 0.525
398 1.2461 0.525
399 1.2461 0.525
400 1.2461 0.525
401 1.2461 0.525
402 1.2461 0.525
403 1.2461 0.53
404 1.24258 0.53
405 1.22732 0.53
406 1.18715 0.53
407 1.18441 0.535
408 1.18403 0.535
409 1.1836 0.535
410 1.1836 0.535
411 1.18446 0.535
412 1.1836 0.535
413 1.17769 0.535
414 1.1236 0.54
415 1.1235 0.54
416 1.16586 0.54
417 1.21754 0.54
418 1.1932 0.54
419 1.1836 0.54
420 1.1836 0.54
421 1.13543 0.54
422 1.18321 0.54
423 1.15405 0.54
424 1.1836 0.545
425 1.1836 0.55
426 1.17613 0.555
427 1.14119 0.555
428 1.14725 0.56
429 1.18165 0.56
430 1.18321 0.56
431 1.14696 0.555
432 1.1241 0.55
433 1.12335 0.55
434 1.12272 0.545
435 1.16489 0.54
436 1.1836 0.54
437 1.13563 0.54
438 1.12177 0.54
439 1.13413 0.54
440 1.1836 0.54
441 1.17603 0.54
442 1.12196 0.535
443 1.17691 0.535
444 1.18408 0.535
445 1.21466 0.535
446 1.22028 0.535
447 1.23945 0.535
448 1.2461 0.535
449 1.2461 0.535
450 1.24297 0.535
451 1.19027 0.535
452 1.15937 0.535
453 1.12148 0.53
454 1.1211 0.53
455 1.11719 0.53
456 1.1211 0.525
457 1.14638 0.52
458 1.1836 0.515
459 1.17129 0.515
460 1.12739 0.51
461 1.10282 0.51
462 1.05922 0.51
463 1.0586 0.515
464 1.0586 0.515
465 1.05743 0.52
466 1.03552 0.52
467 1.03004 0.52
468 1.0273 0.52
469 1.05821 0.52
470 1.032 0.52
471 1.02535 0.52
472 1.01638 0.52
473 1.00936 0.525
474 1.0078 0.525
475 1.0078 0.53
476 1.0078 0.53
477 1.0078 0.53
478 1.0078 0.535
479 0.97147 0.535
480 0.9336 0.535
481 0.9336 0.535
482 0.9336 0.535
483 0.9336 0.535
484 0.9336 0.53
485 0.9336 0.53
486 0.9336 0.525
487 0.9336 0.525
488 0.9336 0.525
489 0.93126 0.52
490 0.9297 0.52
491 0.9297 0.52
492 0.92814 0.525
493 0.9219 0.525
494 0.9219 0.53
495 0.90466 0.53
496 0.9023 0.53
497 0.89289 0.53
498 0.87456 0.53
499 0.87149 0.53
500 0.87212 0.53
501 0.8711 0.53
502 0.87125 0.525
503 0.87154 0.525
504 0.88265 0.515
505 0.89152 0.51
506 0.89459 0.505
507 0.8715 0.505
508 0.87183 0.505
509 0.8712 0.505
510 0.8712 0.505
511 0.87466 0.505
512 0.8714 0.51
513 0.8902 0.515
514 0.91174 0.52
515 0.89327 0.52
516 0.87442 0.525
517 0.87283 0.525
518 0.88595 0.525
519 0.88616 0.53
520 0.87992 0.53
521 0.87412 0.53
522 0.8711 0.53
523 0.8711 0.53
524 0.8813 0.535
525 0.88183 0.53
526 0.86212 0.53
527 0.83614 0.53
528 0.8088 0.525
529 0.8087 0.525
530 0.80587 0.525
531 0.79534 0.525
532 0.8047 0.525
533 0.8047 0.52
534 0.80665 0.52
535 0.80743 0.52
536 0.80782 0.52
537 0.8086 0.52
538 0.81143 0.52
539 0.80934 0.52
540 0.8089 0.52
541 0.83902 0.52
542 0.83785 0.525
543 0.8398 0.53
544 0.84098 0.53
545 0.84452 0.53
546 0.84688 0.53
547 0.85898 0.535
548 0.86798 0.535
549 0.8672 0.535
550 0.8672 0.535
551 0.8672 0.535
552 0.8672 0.535
553 0.8672 0.535
554 0.86408 0.53
555 0.8398 0.53
556 0.8242 0.525
557 0.80743 0.525
558 0.76254 0.52
559 0.74655 0.52
560 0.74649 0.52
561 0.75837 0.52
562 0.79766 0.52
563 0.80626 0.52
564 0.81962 0.52
565 0.82365 0.525
566 0.8398 0.53
567 0.83337 0.53
568 0.80865 0.53
569 0.8086 0.53
570 0.8086 0.53
571 0.80904 0.525
572 0.8086 0.52
573 0.82386 0.52
574 0.836 0.515
575 0.80885 0.515
576 0.80875 0.515
577 0.8086 0.515
578 0.8086 0.51
579 0.8086 0.51
580 0.8086 0.51
581 0.8086 0.51
582 0.8086 0.51
583 0.8086 0.51
584 0.8086 0.51
585 0.8086 0.51
586 0.80821 0.51
587 0.80626 0.51
588 0.8047 0.51
589 0.80548 0.51
590 0.8086 0.515
591 0.8086 0.52
592 0.8086 0.525
593 0.8086 0.53
594 0.8086 0.53
595 0.8086 0.53
596 0.8086 0.53
597 0.8086 0.535
598 0.8086 0.535
599 0.8086 0.535
