0 1.12326 0.645
1 1.15272 0.645
2 1.12196 0.645
3 1.17176 0.645
4 1.19665 0.645
5 1.19301 0.645
6 1.18379 0.65
7 1.19901 0.65
8 1.21152 0.65
9 1.24281 0.65
10 1.34316 0.0
11 1.3711 0.655
12 1.31797 0.655
13 1.3086 0.655
14 1.3086 0.655
15 1.2745 0.66
16 1.2461 0.66
17 1.23241 0.665
18 1.18379 0.665
19 1.1646 0.665
20 1.1233 0.67
21 1.1235 0.67
22 1.1232 0.675
23 1.12205 0.675
24 1.1211 0.675
25 1.1211 0.68
26 1.12129 0.68
27 1.1211 0.68
28 1.1211 0.68
29 1.1211 0.68
30 1.1211 0.68
31 1.07252 0.68
32 1.09368 0.68
33 1.1211 0.67
34 1.1211 0.665
35 1.1211 0.66
36 1.1211 0.655
37 1.1211 0.645
38 1.12167 0.64
39 1.1211 0.635
40 1.1211 0.63
41 1.13426 0.63
42 1.1836 0.63
43 1.1836 0.63
44 1.2088 0.635
45 1.24258 0.63
46 1.23358 0.63
47 1.2461 0.63
48 1.2461 0.63
49 1.2461 0.625
50 1.2461 0.63
51 1.2461 0.635
52 1.24715 0.64
53 1.24753 0.645
54 1.2461 0.645
55 1.2461 0.645
56 1.2461 0.645
57 1.24219 0.645
58 1.24571 0.645
59 1.23945 0.645
60 1.21192 0.645
61 1.18777 0.65
62 1.1836 0.65
63 1.17652 0.65
64 1.18984 0.65
65 1.20904 0.645
66 1.20308 0.64
67 1.18365 0.635
68 1.1836 0.63
69 1.1836 0.625
70 1.1836 0.62
71 1.18365 0.62
72 1.1223 0.62
73 1.12735 0.62
74 1.15547 0.62
75 1.1211 0.62
76 1.15884 0.62
77 1.1246 0.62
78 1.1211 0.615
79 1.08344 0.615
80 1.04256 0.615
81 1.0273 0.61
82 1.02613 0.605
83 1.02028 0.6
84 1.0078 0.595
85 1.0078 0.595
86 0.94921 0.59
87 0.93243 0.59
88 0.90242 0.59
89 0.88591 0.59
90 0.87076 0.59
91 0.86954 0.59
92 0.8711 0.585
93 0.87032 0.585
94 0.83709 0.585
95 0.85587 0.585
96 0.84608 0.58
97 0.84216 0.58
98 0.8398 0.58
99 0.8398 0.58
100 0.8398 0.58
101 0.8398 0.58
102 0.8398 0.575
103 0.83785 0.575
104 0.8398 0.575
105 0.8449 0.575
106 0.84098 0.575
107 0.86408 0.58
108 0.8672 0.58
109 0.8672 0.58
110 0.8672 0.585
111 0.86172 0.59
112 0.82976 0.595
113 0.8086 0.595
114 0.8086 0.595
115 0.8088 0.6
116 0.80885 0.605
117 0.8087 0.61
118 0.80865 0.615
119 0.81771 0.62
120 0.80929 0.62
121 0.83405 0.62
122 0.83629 0.62
123 0.8398 0.625
124 0.8398 0.625
125 0.8398 0.625
126 0.8457 0.625
127 0.8398 0.63
128 0.81713 0.63
129 0.80001 0.63
130 0.75268 0.63
131 0.74376 0.63
132 0.71912 0.635
133 0.7109 0.635
134 0.7199 0.635
135 0.74064 0.635
136 0.7422 0.635
137 0.74376 0.635
138 0.7461 0.63
139 0.7461 0.63
140 0.7461 0.63
141 0.7461 0.63
142 0.7461 0.63
143 0.73672 0.625
144 0.68716 0.625
145 0.7725 0.625
146 0.76094 0.63
147 0.7461 0.63
148 0.7461 0.63
149 0.7462 0.63
150 0.77043 0.635
151 0.75536 0.635
152 0.74893 0.635
153 0.75473 0.635
154 0.7462 0.635
155 0.7464 0.635
156 0.74689 0.63
157 0.74804 0.63
158 0.7554 0.63
159 0.75828 0.63
160 0.75339 0.63
161 0.76998 0.63
162 0.79336 0.63
163 0.80548 0.635
164 0.80782 0.635
165 0.78789 0.64
166 0.8004 0.64
167 0.8047 0.64
168 0.8047 0.645
169 0.8047 0.65
170 0.8047 0.65
171 0.8047 0.65
172 0.8047 0.64
173 0.8047 0.63
174 0.80665 0.62
175 0.8086 0.615
176 0.80548 0.615
177 0.8047 0.615
178 0.79062 0.62
179 0.80704 0.625
180 0.78004 0.63
181 0.77496 0.63
182 0.77652 0.63
183 0.7773 0.63
184 0.7773 0.625
185 0.77535 0.625
186 0.74803 0.62
187 0.76058 0.625
188 0.8203 0.63
189 0.83265 0.635
190 0.7773 0.635
191 0.7926 0.64
192 0.79321 0.64
193 0.91212 0.64
194 0.88794 0.64
195 0.90025 0.64
196 0.81212 0.64
197 0.80753 0.645
198 0.78467 0.645
199 0.72939 0.645
200 0.7379 0.645
201 0.7211 0.645
202 0.70505 0.645
203 0.70153 0.645
204 0.62163 0.645
205 0.6211 0.65
206 0.6211 0.65
207 0.6211 0.655
208 0.62032 0.655
209 0.60468 0.655
210 0.57921 0.655
211 0.55831 0.65
212 0.53016 0.65
213 0.49645 0.655
214 0.4961 0.66
215 0.49645 0.66
216 0.50848 0.665
217 0.52966 0.665
218 0.55314 0.665
219 0.5547 0.665
220 0.5547 0.665
221 0.55548 0.675
222 0.5586 0.68
223 0.5586 0.68
224 0.55865 0.685
225 0.55938 0.68
226 0.55704 0.675
227 0.5547 0.675
228 0.56681 0.675
229 0.65468 0.675
230 0.72002 0.68
231 0.7199 0.685
232 0.71756 0.695
233 0.73752 0.7
234 0.70976 0.7
235 0.68087 0.705
236 0.63483 0.705
237 0.6235 0.705
238 0.62346 0.71
239 0.59208 0.71
240 0.55743 0.715
241 0.55704 0.715
242 0.5586 0.71
243 0.55923 0.71
244 0.57336 0.705
245 0.5859 0.705
246 0.5859 0.705
247 0.58668 0.7
248 0.58863 0.7
249 0.5898 0.7
250 0.6 0.7
251 0.6172 0.7
252 0.6129 0.7
253 0.6172 0.7
254 0.6172 0.7
255 0.61408 0.7
256 0.61408 0.7
257 0.6172 0.7
258 0.6172 0.7
259 0.6172 0.69
260 0.6172 0.68
261 0.61798 0.67
262 0.6211 0.665
263 0.6211 0.66
264 0.62135 0.66
265 0.62331 0.655
266 0.6235 0.655
267 0.62966 0.655
268 0.64396 0.65
269 0.63801 0.65
270 0.64016 0.645
271 0.67072 0.645
272 0.67502 0.645
273 0.67814 0.645
274 0.6797 0.645
275 0.6797 0.645
276 0.68126 0.645
277 0.68048 0.645
278 0.6797 0.645
279 0.6797 0.645
280 0.6797 0.645
281 0.6797 0.645
282 0.6797 0.645
283 0.68126 0.645
284 0.68204 0.645
285 0.6797 0.645
286 0.6797 0.645
287 0.67814 0.65
288 0.6797 0.65
289 0.6797 0.65
290 0.6797 0.645
291 0.6836 0.645
292 0.6836 0.645
293 0.6836 0.64
294 0.6836 0.635
295 0.68365 0.63
296 0.68365 0.63
297 0.70286 0.63
298 0.6837 0.63
299 0.68638 0.63
300 0.68921 0.63
301 0.68375 0.635
302 0.7109 0.635
303 0.70583 0.64
304 0.71363 0.64
305 0.69418 0.635
306 0.71129 0.635
307 0.71756 0.635
308 0.72656 0.63
309 0.7148 0.635
310 0.71285 0.64
311 0.68911 0.645
312 0.68048 0.65
313 0.6797 0.65
314 0.6797 0.655
315 0.6797 0.655
316 0.66878 0.65
317 0.6797 0.65
318 0.6797 0.645
319 0.6797 0.645
320 0.6797 0.645
321 0.6797 0.645
322 0.6797 0.64
323 0.6797 0.64
324 0.68165 0.64
325 0.68204 0.635
326 0.68321 0.64
327 0.71285 0.64
328 0.7148 0.64
329 0.7148 0.64
330 0.74064 0.64
331 0.7422 0.64
332 0.69068 0.64
333 0.7106 0.64
334 0.74024 0.64
335 0.68633 0.645
336 0.68282 0.645
337 0.6797 0.645
338 0.68087 0.645
339 0.68126 0.645
340 0.63289 0.645
341 0.67109 0.645
342 0.72149 0.645
343 0.73596 0.645
344 0.71722 0.65
345 0.68243 0.65
346 0.68009 0.65
347 0.6836 0.65
348 0.71563 0.65
349 0.7422 0.65
350 0.72698 0.65
351 0.71363 0.65
352 0.70942 0.65
353 0.68282 0.65
354 0.67696 0.65
355 0.66406 0.65
356 0.65576 0.655
357 0.66186 0.655
358 0.68321 0.655
359 0.62085 0.655
360 0.61016 0.655
361 0.5838 0.655
362 0.57345 0.655
363 0.58668 0.655
364 0.62602 0.655
365 0.6211 0.65
366 0.6213 0.65
367 0.62302 0.65
368 0.62154 0.65
369 0.61837 0.65
370 0.61798 0.65
371 0.60145 0.655
372 0.58935 0.655
373 0.62657 0.655
374 0.65889 0.655
375 0.66805 0.655
376 0.53866 0.655
377 0.49498 0.65
378 0.4922 0.65
379 0.49454 0.65
380 0.52142 0.645
381 0.55514 0.645
382 0.62423 0.645
383 0.48636 0.645
384 0.55743 0.645
385 0.5587 0.645
386 0.58248 0.645
387 0.5898 0.65
388 0.60978 0.655
389 0.6172 0.665
390 0.61798 0.665
391 0.6211 0.67
392 0.6211 0.67
393 0.62533 0.67
394 0.67072 0.675
395 0.68243 0.675
396 0.69803 0.675
397 0.74064 0.68
398 0.71912 0.68
399 0.71129 0.685
400 0.71246 0.685
401 0.71363 0.685
402 0.71129 0.66
403 0.69194 0.645
404 0.6836 0.63
405 0.70817 0.625
406 0.70271 0.625
407 0.66993 0.62
408 0.7246 0.62
409 0.73908 0.62
410 0.7285 0.61
411 0.7148 0.6
412 0.71402 0.59
413 0.71285 0.59
414 0.71129 0.585
415 0.6974 0.585
416 0.69849 0.59
417 0.80078 0.595
418 0.8086 0.6
419 0.80821 0.605
420 0.8047 0.61
421 0.80002 0.61
422 0.79142 0.615
423 0.7773 0.625
424 0.75181 0.63
425 0.7461 0.635
426 0.73437 0.64
427 0.7148 0.645
428 0.71402 0.645
429 0.73398 0.645
430 0.72069 0.64
431 0.68385 0.64
432 0.70554 0.635
433 0.7109 0.635
434 0.7109 0.63
435 0.7109 0.63
436 0.7109 0.635
437 0.68297 0.635
438 0.63503 0.635
439 0.62129 0.64
440 0.6604 0.64
441 0.70281 0.64
442 0.71755 0.645
443 0.7422 0.65
444 0.74376 0.65
445 0.7461 0.655
446 0.74532 0.655
447 0.7422 0.65
448 0.7422 0.65
449 0.74532 0.65
450 0.73555 0.65
451 0.68828 0.65
452 0.65396 0.65
453 0.65585 0.65
454 0.71254 0.65
455 0.69453 0.655
456 0.68916 0.66
457 0.7152 0.665
458 0.74064 0.665
459 0.73752 0.67
460 0.74454 0.67
461 0.74473 0.67
462 0.77737 0.67
463 0.74454 0.67
464 0.71755 0.67
465 0.7109 0.675
466 0.68638 0.675
467 0.6836 0.675
468 0.70388 0.675
469 0.71324 0.675
470 0.71598 0.675
471 0.72069 0.675
472 0.7422 0.675
473 0.7422 0.675
474 0.7422 0.675
475 0.7422 0.675
476 0.74259 0.675
477 0.73752 0.675
478 0.7422 0.675
479 0.75083 0.675
480 0.7616 0.675
481 0.74376 0.675
482 0.7422 0.675
483 0.72583 0.67
484 0.6836 0.67
485 0.69184 0.67
486 0.71873 0.665
487 0.7422 0.665
488 0.74571 0.665
489 0.7461 0.665
490 0.7461 0.665
491 0.74532 0.665
492 0.74493 0.665
493 0.83828 0.665
494 0.86993 0.665
495 0.86564 0.66
496 0.86914 0.66
497 0.84967 0.655
498 0.83402 0.65
499 0.85194 0.645
500 0.8398 0.64
501 0.84844 0.64
502 0.83941 0.635
503 0.83671 0.635
504 0.8398 0.635
505 0.8398 0.635
506 0.83902 0.635
507 0.8398 0.635
508 0.81752 0.635
509 0.81216 0.64
510 0.8091 0.645
511 0.80865 0.65
512 0.8086 0.645
513 0.80743 0.645
514 0.8047 0.645
515 0.79846 0.645
516 0.8047 0.645
517 0.80743 0.645
518 0.80704 0.645
519 0.7867 0.645
520 0.74976 0.64
521 0.74677 0.635
522 0.76316 0.635
523 0.77691 0.63
524 0.7773 0.63
525 0.8043 0.63
526 0.8086 0.625
527 0.8086 0.625
528 0.80851 0.625
529 0.80865 0.625
530 0.8086 0.625
531 0.8086 0.62
532 0.8086 0.62
533 0.8047 0.615
534 0.8086 0.615
535 0.80865 0.615
536 0.81747 0.625
537 0.8398 0.63
538 0.83351 0.635
539 0.81746 0.64
540 0.83941 0.64
541 0.8398 0.645
542 0.85624 0.65
543 0.85119 0.65
544 0.84216 0.65
545 0.8398 0.65
546 0.81723 0.645
547 0.8086 0.64
548 0.82049 0.635
549 0.84098 0.635
550 0.86564 0.635
551 0.86837 0.635
552 0.8711 0.64
553 0.8711 0.645
554 0.8711 0.65
555 0.86993 0.65
556 0.81626 0.655
557 0.79649 0.65
558 0.78202 0.65
559 0.80314 0.64
560 0.7969 0.635
561 0.8047 0.63
562 0.8047 0.625
563 0.8047 0.62
564 0.8047 0.62
565 0.8047 0.62
566 0.8047 0.62
567 0.8047 0.625
568 0.8047 0.625
569 0.8047 0.625
570 0.8047 0.63
571 0.8047 0.63
572 0.8047 0.635
573 0.8047 0.64
574 0.80704 0.64
575 0.80704 0.64
576 0.79492 0.645
577 0.76155 0.645
578 0.75799 0.65
579 0.7773 0.655
580 0.78476 0.655
581 0.8047 0.655
582 0.8047 0.66
583 0.8047 0.655
584 0.8047 0.655
585 0.80782 0.655
586 0.8456 0.655
587 0.85193 0.66
588 0.84608 0.66
589 0.84216 0.665
590 0.84688 0.665
591 0.86291 0.66
592 0.85118 0.655
593 0.8543 0.655
594 0.85821 0.655
595 0.8004 0.655
596 0.78944 0.65
597 0.76106 0.65
598 0.73516 0.655
599 0.78677 0.655
