0 0.82888 0.53
1 0.82035 0.53
2 0.83151 0.535
3 0.8398 0.53
4 0.8398 0.53
5 0.80875 0.53
6 0.8086 0.525
7 0.8086 0.52
8 0.8086 0.52
9 0.8086 0.515
10 0.8086 0.515
11 0.8086 0.515
12 0.8086 0.515
13 0.8086 0.0
14 0.80509 0.51
15 0.78162 0.51
16 0.74928 0.51
17 0.7461 0.51
18 0.74571 0.51
19 0.7422 0.51
20 0.74571 0.51
21 0.75248 0.51
22 0.77496 0.505
23 0.7773 0.505
24 0.78358 0.5
25 0.8047 0.5
26 0.80743 0.495
27 0.8086 0.505
28 0.8086 0.51
29 0.84024 0.515
30 0.84646 0.515
31 0.89614 0.52
32 1.03358 0.52
33 1.12499 0.52
34 1.15801 0.52
35 1.18087 0.52
36 1.1836 0.52
37 1.1836 0.52
38 1.17051 0.52
39 1.1235 0.52
40 1.12215 0.525
41 1.1211 0.53
42 1.1211 0.535
43 1.11171 0.535
44 1.07247 0.535
45 1.0607 0.535
46 1.06964 0.535
47 1.0898 0.535
48 1.07242 0.535
49 1.0586 0.535
50 1.05704 0.535
51 1.0547 0.535
52 1.05821 0.535
53 1.0586 0.535
54 1.0586 0.535
55 1.0543 0.535
56 1.01365 0.535
57 1.00311 0.535
58 0.96559 0.535
59 1.00311 0.52
60 1.0078 0.51
61 1.0078 0.5
62 1.0078 0.49
63 1.0078 0.495
64 1.0078 0.5
65 1.0078 0.5
66 1.0078 0.51
67 1.0078 0.515
68 1.0078 0.52
69 1.0078 0.525
70 1.0078 0.525
71 1.0078 0.53
72 1.0078 0.525
73 1.01911 0.52
74 1.00936 0.515
75 1.0078 0.51
76 1.01872 0.51
77 1.02652 0.51
78 1.0273 0.505
79 1.01248 0.505
80 0.96132 0.51
81 0.92541 0.51
82 0.91566 0.51
83 0.92853 0.52
84 0.93126 0.52
85 0.93087 0.525
86 0.93165 0.53
87 0.9336 0.535
88 0.93643 0.53
89 0.93906 0.53
90 0.98167 0.525
91 1.00311 0.525
92 0.94735 0.525
93 0.94725 0.525
94 0.91446 0.525
95 0.84145 0.525
96 0.8086 0.525
97 0.82343 0.525
98 0.8668 0.525
99 0.82079 0.53
100 0.8086 0.53
101 0.8086 0.53
102 0.80875 0.53
103 0.83808 0.53
104 0.86211 0.535
105 0.80239 0.535
106 0.75963 0.535
107 0.75542 0.54
108 0.7773 0.54
109 0.80314 0.535
110 0.8047 0.535
111 0.80509 0.535
112 0.80548 0.53
113 0.80548 0.53
114 0.80743 0.53
115 0.8086 0.53
116 0.8086 0.53
117 0.8086 0.53
118 0.80875 0.53
119 0.81436 0.53
120 0.83667 0.53
121 0.82684 0.53
122 0.80704 0.53
123 0.76293 0.525
124 0.7461 0.525
125 0.74615 0.525
126 0.76423 0.525
127 0.77496 0.525
128 0.7773 0.525
129 0.79066 0.525
130 0.80002 0.525
131 0.8047 0.525
132 0.79298 0.525
133 0.79378 0.525
134 0.77888 0.525
135 0.76623 0.52
136 0.75062 0.52
137 0.76872 0.52
138 0.74961 0.525
139 0.75552 0.525
140 0.7773 0.525
141 0.79454 0.525
142 0.80738 0.53
143 0.85663 0.535
144 0.87778 0.535
145 0.80038 0.535
146 0.74693 0.54
147 0.7461 0.54
148 0.7519 0.54
149 0.78868 0.54
150 0.8047 0.54
151 0.8047 0.54
152 0.80626 0.545
153 0.81957 0.545
154 0.85433 0.545
155 0.92031 0.545
156 0.96874 0.545
157 1.0078 0.545
158 1.0078 0.545
159 0.94179 0.545
160 0.9336 0.545
161 0.9336 0.55
162 0.9336 0.54
163 0.9336 0.54
164 0.93165 0.535
165 0.93048 0.53
166 0.93126 0.53
167 0.9297 0.53
168 0.93126 0.53
169 0.9297 0.535
170 0.9297 0.535
171 0.93048 0.535
172 0.93048 0.535
173 0.90087 0.535
174 0.89426 0.535
175 0.92774 0.535
176 0.91256 0.535
177 0.87115 0.535
178 0.92969 0.535
179 0.93321 0.535
180 0.90195 0.53
181 0.93009 0.53
182 0.9336 0.53
183 0.92931 0.525
184 0.9082 0.525
185 0.88646 0.525
186 0.87144 0.525
187 0.87187 0.525
188 0.88022 0.525
189 0.96484 0.525
190 1.0078 0.525
191 0.95742 0.525
192 0.93204 0.525
193 0.8935 0.525
194 0.86954 0.525
195 0.8672 0.525
196 0.8672 0.525
197 0.86876 0.525
198 0.8711 0.525
199 0.8711 0.525
200 0.87163 0.525
201 0.87149 0.525
202 0.87154 0.53
203 0.88689 0.53
204 0.87523 0.535
205 0.8711 0.535
206 0.8711 0.535
207 0.8711 0.535
208 0.8711 0.535
209 0.87115 0.54
210 0.8713 0.54
211 0.86837 0.54
212 0.87071 0.54
213 0.8711 0.54
214 0.8711 0.54
215 0.8713 0.54
216 0.87144 0.54
217 0.87685 0.54
218 0.87388 0.54
219 0.88314 0.54
220 0.87178 0.54
221 0.87815 0.54
222 0.88602 0.535
223 0.88611 0.535
224 0.8954 0.535
225 0.87685 0.53
226 0.8844 0.53
227 0.89563 0.53
228 0.90008 0.53
229 0.88577 0.53
230 0.87758 0.53
231 0.87797 0.53
232 0.89384 0.535
233 0.87719 0.54
234 0.88118 0.545
235 0.88865 0.55
236 0.89056 0.545
237 0.89329 0.545
238 0.87134 0.545
239 0.87071 0.545
240 0.8672 0.545
241 0.8672 0.545
242 0.8629 0.545
243 0.85468 0.54
244 0.81796 0.54
245 0.8086 0.54
246 0.84029 0.54
247 0.8711 0.54
248 0.8711 0.54
249 0.8711 0.545
250 0.86759 0.545
251 0.86837 0.55
252 0.86408 0.545
253 0.8672 0.545
254 0.85742 0.54
255 0.83824 0.535
256 0.8629 0.53
257 0.8672 0.52
258 0.86798 0.515
259 0.8711 0.51
260 0.86602 0.505
261 0.83556 0.5
262 0.8088 0.5
263 0.8086 0.5
264 0.8086 0.5
265 0.8086 0.5
266 0.8086 0.5
267 0.82074 0.5
268 0.8398 0.5
269 0.8398 0.5
270 0.8398 0.505
271 0.8398 0.51
272 0.8398 0.515
273 0.84528 0.52
274 0.8711 0.525
275 0.86876 0.53
276 0.86408 0.53
277 0.87115 0.53
278 0.87032 0.53
279 0.86837 0.53
280 0.8711 0.53
281 0.8712 0.525
282 0.8711 0.525
283 0.87032 0.52
284 0.86954 0.52
285 0.8711 0.52
286 0.8711 0.52
287 0.86408 0.52
288 0.84216 0.52
289 0.86447 0.52
290 0.85742 0.52
291 0.8398 0.52
292 0.84646 0.52
293 0.85587 0.525
294 0.86681 0.525
295 0.86837 0.525
296 0.8672 0.525
297 0.87071 0.525
298 0.8711 0.525
299 0.8747 0.525
300 0.8942 0.525
301 0.89171 0.525
302 0.89825 0.525
303 0.88348 0.525
304 0.89576 0.525
305 0.90466 0.525
306 0.90348 0.525
307 0.90466 0.52
308 0.90819 0.515
309 0.89343 0.51
310 0.89498 0.505
311 0.9176 0.505
312 0.88817 0.51
313 0.9293 0.51
314 1.01248 0.51
315 1.02848 0.515
316 1.05821 0.515
317 1.06258 0.515
318 1.12032 0.515
319 1.12071 0.515
320 1.1211 0.515
321 1.1211 0.52
322 1.0997 0.525
323 1.05665 0.525
324 1.03239 0.53
325 1.01794 0.53
326 1.0078 0.53
327 1.01716 0.53
328 1.02613 0.53
329 1.02106 0.53
330 1.0078 0.53
331 1.0078 0.53
332 0.98904 0.53
333 0.93521 0.525
334 0.93009 0.525
335 0.93204 0.525
336 0.93009 0.53
337 0.93204 0.53
338 0.93165 0.53
339 0.93165 0.525
340 0.93555 0.525
341 1.00311 0.525
342 1.01872 0.52
343 1.01248 0.52
344 1.01755 0.52
345 1.00936 0.52
346 1.02574 0.515
347 1.032 0.505
348 1.03278 0.5
349 1.03826 0.495
350 1.02457 0.5
351 1.00975 0.5
352 1.01911 0.5
353 1.02262 0.49
354 1.03317 0.485
355 1.05821 0.48
356 1.04374 0.475
357 1.05274 0.475
358 1.03865 0.475
359 1.0273 0.47
360 1.0273 0.47
361 1.02691 0.465
362 1.0273 0.46
363 1.0273 0.455
364 1.02262 0.455
365 0.97304 0.47
366 0.88638 0.485
367 0.82358 0.495
368 0.8338 0.505
369 0.75946 0.51
370 0.87758 0.515
371 0.81196 0.525
372 0.84051 0.53
373 0.86876 0.53
374 0.87153 0.535
375 0.92031 0.535
376 0.9254 0.535
377 0.89634 0.535
378 0.86954 0.54
379 0.88443 0.54
380 0.89322 0.545
381 0.9297 0.545
382 0.90686 0.545
383 0.88333 0.54
384 0.86915 0.535
385 0.87032 0.535
386 0.8711 0.535
387 0.8711 0.53
388 0.8711 0.525
389 0.89015 0.52
390 0.88368 0.51
391 0.92579 0.5
392 0.87724 0.495
393 0.89618 0.495
394 0.91288 0.495
395 0.90742 0.49
396 0.88094 0.49
397 0.87144 0.485
398 0.89001 0.485
399 0.89576 0.48
400 0.87412 0.48
401 0.89143 0.48
402 0.87437 0.47
403 0.8711 0.465
404 0.8711 0.46
405 0.8712 0.46
406 0.8711 0.455
407 0.8711 0.455
408 0.87071 0.45
409 0.86759 0.45
410 0.86096 0.45
411 0.84452 0.45
412 0.83941 0.45
413 0.83131 0.45
414 0.80875 0.45
415 0.82074 0.45
416 0.8086 0.455
417 0.80118 0.46
418 0.76204 0.46
419 0.78069 0.465
420 0.76779 0.465
421 0.74708 0.47
422 0.75699 0.475
423 0.74966 0.475
424 0.74615 0.48
425 0.7461 0.48
426 0.7461 0.48
427 0.7461 0.48
428 0.7461 0.49
429 0.7461 0.5
430 0.7461 0.505
431 0.7461 0.51
432 0.7461 0.515
433 0.7461 0.515
434 0.7461 0.515
435 0.7461 0.52
436 0.7461 0.52
437 0.7461 0.52
438 0.74337 0.52
439 0.70942 0.525
440 0.68243 0.525
441 0.6797 0.53
442 0.6797 0.535
443 0.68126 0.535
444 0.6836 0.535
445 0.68243 0.54
446 0.6797 0.54
447 0.6797 0.545
448 0.6797 0.54
449 0.6797 0.54
450 0.68243 0.535
451 0.6836 0.525
452 0.6836 0.52
453 0.6836 0.515
454 0.6836 0.505
455 0.6836 0.5
456 0.68365 0.495
457 0.68668 0.485
458 0.69482 0.48
459 0.7109 0.48
460 0.7109 0.47
461 0.7109 0.47
462 0.71168 0.465
463 0.71129 0.465
464 0.71324 0.46
465 0.71598 0.455
466 0.7148 0.455
467 0.71952 0.45
468 0.7266 0.45
469 0.72972 0.45
470 0.72816 0.45
471 0.7207 0.45
472 0.74064 0.45
473 0.72892 0.45
474 0.73284 0.445
475 0.7422 0.445
476 0.7422 0.445
477 0.7422 0.445
478 0.7422 0.445
479 0.7422 0.445
480 0.7422 0.445
481 0.7422 0.445
482 0.7422 0.445
483 0.7422 0.445
484 0.7266 0.51
485 0.72542 0.56
486 0.74064 0.595
487 0.72542 0.625
488 0.73752 0.645
489 0.7422 0.66
490 0.7422 0.67
491 0.7422 0.635
492 0.7422 0.635
493 0.7422 0.595
494 0.7422 0.57
495 0.7422 0.545
496 0.7422 0.535
497 0.7422 0.53
498 0.74298 0.535
499 0.7422 0.535
500 0.7422 0.535
501 0.7422 0.54
502 0.7422 0.54
503 0.74415 0.54
504 0.74298 0.54
505 0.74337 0.54
506 0.74376 0.54
507 0.74625 0.535
508 0.75301 0.535
509 0.74537 0.53
510 0.72812 0.525
511 0.7109 0.51
512 0.70286 0.495
513 0.70018 0.485
514 0.7109 0.475
515 0.71441 0.47
516 0.72188 0.465
517 0.74064 0.46
518 0.7422 0.46
519 0.7422 0.465
520 0.7422 0.46
521 0.7422 0.465
522 0.7422 0.465
523 0.7422 0.465
524 0.7422 0.465
525 0.7422 0.465
526 0.7422 0.465
527 0.7422 0.47
528 0.7422 0.465
529 0.7422 0.465
530 0.7422 0.46
531 0.7422 0.46
532 0.7422 0.46
533 0.7422 0.455
534 0.7422 0.455
535 0.7422 0.455
536 0.7422 0.455
537 0.7422 0.455
538 0.74259 0.455
539 0.7461 0.455
540 0.7461 0.455
541 0.7461 0.455
542 0.7461 0.455
543 0.7461 0.455
544 0.7461 0.455
545 0.7461 0.455
546 0.7461 0.455
547 0.7461 0.455
548 0.7461 0.455
549 0.7461 0.45
550 0.74692 0.45
551 0.7461 0.445
552 0.7461 0.445
553 0.7461 0.445
554 0.7461 0.445
555 0.74615 0.44
556 0.7465 0.44
557 0.7468 0.44
558 0.75062 0.44
559 0.75597 0.445
560 0.77536 0.45
561 0.78906 0.455
562 0.7773 0.455
563 0.76671 0.46
564 0.74698 0.465
565 0.7465 0.465
566 0.74684 0.47
567 0.75235 0.475
568 0.76593 0.48
569 0.7734 0.49
570 0.77691 0.5
571 0.7773 0.505
572 0.7773 0.51
573 0.7773 0.515
574 0.7773 0.515
575 0.78906 0.515
576 0.78202 0.515
577 0.79534 0.52
578 0.8047 0.52
579 0.8047 0.52
580 0.8047 0.52
581 0.80587 0.52
582 0.8086 0.52
583 0.81684 0.52
584 0.90317 0.52
585 1.04022 0.525
586 1.04491 0.52
587 0.96328 0.515
588 0.87583 0.515
589 0.84646 0.515
590 0.82079 0.515
591 0.81723 0.51
592 0.8086 0.51
593 0.8086 0.51
594 0.8086 0.505
595 0.8086 0.505
596 0.80548 0.505
597 0.8047 0.505
598 0.79846 0.505
599 0.7772 0.505
