0 0.83863 0.54
1 0.83629 0.0
2 0.83341 0.54
3 0.8359 0.54
4 0.83902 0.54
5 0.8398 0.54
6 0.8398 0.54
7 0.81753 0.54
8 0.8086 0.54
9 0.7749 0.54
10 0.74337 0.54
11 0.7422 0.54
12 0.74376 0.54
13 0.7466 0.54
14 0.76959 0.54
15 0.7773 0.54
16 0.78674 0.54
17 0.8047 0.54
18 0.8047 0.54
19 0.8047 0.54
20 0.8047 0.54
21 0.8047 0.54
22 0.80743 0.54
23 0.8086 0.54
24 0.8086 0.54
25 0.8086 0.54
26 0.8086 0.54
27 0.8086 0.54
28 0.8086 0.54
29 0.8086 0.54
30 0.8086 0.54
31 0.8086 0.54
32 0.8086 0.54
33 0.8087 0.54
34 0.81752 0.54
35 0.8359 0.54
36 0.8398 0.54
37 0.83356 0.54
38 0.8047 0.54
39 0.8047 0.54
40 0.8047 0.54
41 0.81333 0.54
42 0.83785 0.54
43 0.8398 0.54
44 0.8398 0.54
45 0.81767 0.54
46 0.80548 0.54
47 0.78461 0.54
48 0.7462 0.54
49 0.7461 0.54
50 0.74454 0.54
51 0.7422 0.54
52 0.7422 0.54
53 0.74259 0.54
54 0.74942 0.54
55 0.7773 0.54
56 0.7961 0.54
57 0.79218 0.54
58 0.75484 0.54
59 0.7466 0.54
60 0.77364 0.54
61 0.76141 0.54
62 0.78437 0.54
63 0.8047 0.54
64 0.80704 0.54
65 0.8086 0.54
66 0.8086 0.54
67 0.8086 0.54
68 0.8086 0.54
69 0.8086 0.54
70 0.8086 0.54
71 0.8086 0.54
72 0.80875 0.54
73 0.80915 0.54
74 0.82843 0.54
75 0.82791 0.54
76 0.80875 0.54
77 0.80397 0.54
78 0.8629 0.54
79 0.8672 0.54
80 0.8672 0.54
81 0.8672 0.54
82 0.86759 0.54
83 0.86915 0.54
84 0.83966 0.54
85 0.8398 0.54
86 0.83668 0.54
87 0.83902 0.54
88 0.8492 0.54
89 0.86915 0.54
90 0.8711 0.54
91 0.8711 0.54
92 0.87158 0.54
93 0.88419 0.535
94 0.91288 0.535
95 0.9297 0.535
96 0.9297 0.535
97 0.9297 0.535
98 0.9297 0.535
99 0.9297 0.535
100 0.9297 0.535
101 0.93243 0.535
102 0.9336 0.535
103 0.9336 0.535
104 0.93365 0.535
105 0.9609 0.54
106 1.00311 0.54
107 1.0078 0.545
108 1.0078 0.545
109 1.0078 0.545
110 1.0078 0.54
111 1.0078 0.54
112 1.0078 0.54
113 1.01131 0.54
114 1.0234 0.54
115 1.0234 0.535
116 1.0234 0.535
117 1.0273 0.535
118 1.02691 0.535
119 1.0234 0.535
120 1.0234 0.535
121 1.0234 0.535
122 1.02652 0.535
123 1.0273 0.535
124 1.0273 0.535
125 1.0273 0.535
126 1.0273 0.535
127 1.03004 0.535
128 1.0547 0.535
129 1.05821 0.535
130 1.0586 0.54
131 1.0586 0.54
132 1.0586 0.54
133 1.0586 0.54
134 1.05955 0.54
135 1.06032 0.54
136 1.061 0.54
137 1.061 0.54
138 1.07252 0.54
139 1.0898 0.54
140 1.0898 0.535
141 1.0898 0.535
142 1.10858 0.535
143 1.1211 0.535
144 1.1211 0.535
145 1.12071 0.535
146 1.09254 0.535
147 1.0898 0.535
148 1.0898 0.535
149 1.0898 0.535
150 1.08116 0.535
151 1.05975 0.535
152 1.04256 0.535
153 1.06505 0.535
154 1.06282 0.535
155 1.05704 0.535
156 1.05235 0.535
157 1.02652 0.535
158 1.00936 0.535
159 0.96951 0.535
160 0.98167 0.535
161 1.0078 0.535
162 1.0078 0.535
163 1.0078 0.535
164 1.00311 0.535
165 0.93906 0.535
166 0.94457 0.535
167 0.9474 0.535
168 0.96291 0.535
169 0.99842 0.535
170 1.0078 0.535
171 1.0078 0.535
172 1.0078 0.535
173 1.0078 0.535
174 1.0078 0.535
175 1.0078 0.535
176 0.99373 0.535
177 0.9336 0.535
178 0.9336 0.535
179 0.9336 0.535
180 0.9336 0.535
181 0.9336 0.535
182 0.93911 0.535
183 0.9609 0.53
184 0.98904 0.53
185 1.0078 0.53
186 1.0078 0.53
187 1.0078 0.53
188 1.0078 0.53
189 1.0078 0.53
190 1.0078 0.53
191 1.0078 0.53
192 1.0078 0.53
193 1.0078 0.53
194 1.0078 0.53
195 1.0078 0.53
196 1.0078 0.53
197 1.0078 0.53
198 1.0078 0.53
199 1.0078 0.53
200 1.0078 0.53
201 1.0078 0.53
202 1.0078 0.53
203 1.0078 0.53
204 1.0078 0.53
205 1.0078 0.53
206 1.0078 0.53
207 1.0078 0.53
208 1.0078 0.53
209 1.0078 0.53
210 1.01326 0.53
211 1.0273 0.53
212 1.0273 0.53
213 1.04648 0.53
214 1.0547 0.53
215 1.04648 0.53
216 1.0273 0.53
217 1.02418 0.53
218 1.0078 0.535
219 0.96214 0.535
220 1.0078 0.535
221 1.0078 0.54
222 1.0078 0.54
223 1.0078 0.54
224 1.0078 0.54
225 1.0078 0.54
226 1.01755 0.54
227 0.95937 0.54
228 1.00784 0.54
229 1.0273 0.54
230 1.0273 0.535
231 1.0273 0.535
232 1.0273 0.535
233 1.0273 0.535
234 1.02691 0.535
235 1.0234 0.535
236 1.01911 0.535
237 1.0078 0.535
238 1.0078 0.535
239 1.0078 0.535
240 1.0078 0.535
241 1.00819 0.54
242 1.0078 0.54
243 1.00819 0.54
244 1.0078 0.54
245 1.02028 0.54
246 1.02379 0.54
247 1.02379 0.54
248 1.0234 0.54
249 1.01638 0.54
250 1.0078 0.54
251 1.0078 0.54
252 1.0078 0.54
253 1.0078 0.54
254 1.0078 0.54
255 1.0078 0.535
256 0.94804 0.535
257 0.93009 0.535
258 0.93009 0.54
259 0.90786 0.545
260 0.86367 0.555
261 0.80728 0.56
262 0.8047 0.565
263 0.80821 0.57
264 0.82444 0.56
265 0.86017 0.555
266 0.8672 0.555
267 0.86954 0.55
268 0.8865 0.55
269 0.91562 0.545
270 0.93009 0.545
271 0.9336 0.545
272 0.9336 0.54
273 0.94179 0.54
274 1.00311 0.54
275 1.0078 0.54
276 1.0078 0.54
277 0.99373 0.54
278 0.99842 0.57
279 0.99105 0.59
280 0.98435 0.605
281 1.0078 0.62
282 1.02028 0.63
283 1.0234 0.605
284 1.02731 0.59
285 1.02849 0.575
286 1.02926 0.565
287 1.01872 0.56
288 1.03904 0.56
289 1.0242 0.55
290 0.95742 0.545
291 0.9543 0.54
292 1.03436 0.54
293 1.00076 0.535
294 0.93243 0.535
295 0.93165 0.535
296 0.93165 0.53
297 0.95469 0.53
298 0.98832 0.53
299 0.99373 0.53
300 0.97224 0.535
301 0.9336 0.535
302 0.92814 0.575
303 0.92502 0.61
304 0.9211 0.635
305 0.92266 0.635
306 0.92346 0.65
307 0.93282 0.665
308 0.93204 0.675
309 0.93828 0.685
310 0.93126 0.69
311 0.92814 0.695
312 0.92502 0.695
313 0.91796 0.7
314 0.87886 0.61
315 0.86959 0.545
316 0.8711 0.5
317 0.8711 0.46
318 0.86993 0.435
319 0.86837 0.415
320 0.8672 0.4
321 0.8672 0.385
322 0.85274 0.385
323 0.8398 0.38
324 0.8398 0.37
325 0.83902 0.365
326 0.8145 0.365
327 0.82049 0.36
328 0.8282 0.36
329 0.80821 0.36
330 0.8047 0.355
331 0.80587 0.355
332 0.81679 0.355
333 0.8398 0.355
334 0.83746 0.355
335 0.83941 0.355
336 0.85586 0.42
337 0.8672 0.47
338 0.8672 0.51
339 0.8672 0.51
340 0.8672 0.515
341 0.8672 0.52
342 0.86954 0.525
343 0.87134 0.525
344 0.87139 0.53
345 0.8711 0.53
346 0.87393 0.53
347 0.90035 0.535
348 0.88664 0.535
349 0.89903 0.535
350 0.89576 0.535
351 0.89918 0.535
352 0.89459 0.535
353 0.8866 0.535
354 0.8711 0.535
355 0.8711 0.535
356 0.8711 0.535
357 0.8711 0.535
358 0.8711 0.535
359 0.8711 0.535
360 0.86954 0.535
361 0.87071 0.535
362 0.8711 0.535
363 0.87032 0.535
364 0.87032 0.535
365 0.85704 0.535
366 0.80782 0.535
367 0.82989 0.535
368 0.8711 0.535
369 0.86758 0.535
370 0.8398 0.535
371 0.83707 0.535
372 0.8208 0.535
373 0.82825 0.535
374 0.8086 0.535
375 0.80665 0.535
376 0.80119 0.535
377 0.77731 0.535
378 0.77848 0.535
379 0.77067 0.53
380 0.74635 0.53
381 0.7557 0.53
382 0.7773 0.53
383 0.7875 0.53
384 0.8047 0.53
385 0.8047 0.53
386 0.8047 0.53
387 0.8047 0.57
388 0.8047 0.6
389 0.80509 0.625
390 0.80158 0.625
391 0.8047 0.605
392 0.80509 0.59
393 0.84867 0.575
394 0.86837 0.565
395 0.8711 0.555
396 0.88717 0.55
397 0.90205 0.545
398 0.90575 0.545
399 0.88407 0.545
400 0.90152 0.57
401 0.90074 0.605
402 0.89576 0.625
403 0.88385 0.64
404 0.88309 0.655
405 0.87513 0.665
406 0.8711 0.67
407 0.8711 0.67
408 0.8711 0.675
409 0.8711 0.68
410 0.87671 0.685
411 0.87412 0.685
412 0.8712 0.69
413 0.8832 0.69
414 0.86915 0.69
415 0.86954 0.69
416 0.86998 0.69
417 0.86876 0.69
418 0.87032 0.695
419 0.86993 0.7
420 0.8711 0.7
421 0.8711 0.705
422 0.8711 0.705
423 0.87154 0.705
424 0.8946 0.705
425 0.89445 0.705
426 0.88443 0.7
427 0.8711 0.695
428 0.88321 0.69
429 0.99569 0.685
430 0.96684 0.685
431 0.95352 0.685
432 1.035 0.69
433 1.11446 0.69
434 1.1211 0.69
435 1.12071 0.69
436 1.10193 0.69
437 1.08425 0.69
438 1.08454 0.695
439 1.1211 0.695
440 1.1211 0.695
441 1.1211 0.695
442 1.1211 0.695
443 1.10253 0.695
444 1.12134 0.695
445 1.12793 0.695
446 1.12288 0.695
447 1.12172 0.695
448 1.12899 0.695
449 1.15215 0.7
450 1.12235 0.705
451 1.13407 0.705
452 1.1211 0.71
453 1.11484 0.71
454 1.04475 0.71
455 0.96874 0.71
456 1.09627 0.71
457 1.07831 0.71
458 1.06504 0.71
459 1.07754 0.71
460 1.1211 0.71
461 1.10858 0.71
462 1.05999 0.71
463 1.03865 0.71
464 1.00936 0.71
465 0.97966 0.71
466 0.93365 0.71
467 0.99105 0.71
468 1.00311 0.71
469 1.0078 0.71
470 1.0078 0.715
471 1.0078 0.715
472 1.0078 0.715
473 0.94735 0.71
474 0.93321 0.645
475 0.9336 0.645
476 0.9336 0.595
477 0.9336 0.56
478 0.9336 0.53
479 0.9336 0.51
480 0.9336 0.495
481 0.93126 0.48
482 0.9297 0.475
483 0.9297 0.49
484 0.9168 0.5
485 0.88031 0.51
486 0.89498 0.515
487 0.87231 0.525
488 0.89537 0.53
489 0.91174 0.535
490 0.92228 0.535
491 0.92696 0.535
492 0.9297 0.535
493 0.9297 0.535
494 0.9297 0.535
495 0.9297 0.535
496 0.9297 0.535
497 0.93321 0.535
498 0.9336 0.535
499 0.9336 0.535
500 0.9336 0.535
501 0.9336 0.535
502 0.93126 0.535
503 0.93009 0.535
504 0.93087 0.535
505 0.9297 0.535
506 0.9297 0.535
507 0.94961 0.535
508 1.0078 0.535
509 1.0078 0.535
510 1.0078 0.535
511 1.0078 0.535
512 1.0078 0.535
513 1.0078 0.535
514 0.98435 0.535
515 0.98435 0.535
516 0.9609 0.535
517 1.0078 0.535
518 1.0078 0.535
519 1.0078 0.535
520 1.0078 0.535
521 1.0078 0.535
522 1.0078 0.535
523 1.02262 0.535
524 1.0117 0.535
525 1.0078 0.535
526 1.0078 0.535
527 1.0078 0.535
528 1.0078 0.54
529 1.0078 0.545
530 1.0078 0.545
531 1.0078 0.55
532 1.0078 0.55
533 1.0078 0.59
534 1.0078 0.625
535 1.0078 0.65
536 1.0078 0.665
537 1.0078 0.675
538 1.0078 0.68
539 1.0078 0.68
540 1.0078 0.68
541 1.0078 0.68
542 1.0078 0.68
543 1.0078 0.68
544 1.0078 0.68
545 1.0078 0.685
546 1.0078 0.685
547 1.0078 0.685
548 1.0078 0.685
549 1.0078 0.68
550 1.0078 0.675
551 1.0078 0.675
552 1.0078 0.675
553 1.0078 0.675
554 1.0078 0.675
555 1.0078 0.675
556 1.0078 0.68
557 1.0078 0.68
558 1.0078 0.68
559 1.0078 0.675
560 1.0078 0.675
561 1.0156 0.675
562 1.0273 0.675
563 1.0273 0.675
564 1.03004 0.68
565 1.03004 0.68
566 1.0273 0.685
567 1.0273 0.685
568 1.0273 0.685
569 1.0273 0.685
570 1.0273 0.685
571 1.0273 0.685
572 1.0273 0.685
573 1.0273 0.685
574 1.0273 0.685
575 1.03004 0.69
576 1.05509 0.69
577 1.04374 0.69
578 1.041 0.69
579 1.0547 0.69
580 1.05821 0.69
581 1.0586 0.69
582 1.0586 0.69
583 1.0586 0.69
584 1.05665 0.69
585 1.05509 0.685
586 1.0586 0.65
587 1.09026 0.625
588 1.12278 0.605
589 1.18321 0.59
590 1.20275 0.58
591 1.1836 0.575
592 1.14716 0.57
593 1.11758 0.57
594 1.10257 0.565
595 1.07473 0.565
596 1.0586 0.56
597 1.0586 0.56
598 1.0586 0.56
599 1.0586 0.555
