0 1.8086 0.445
1 1.8086 0.0
2 1.81031 0.465
3 1.8105 0.465
4 1.8105 0.48
5 1.8105 0.495
6 1.80917 0.5
7 1.8086 0.505
8 1.8086 0.51
9 1.8086 0.5
10 1.8086 0.495
11 1.8086 0.49
12 1.8086 0.485
13 1.8086 0.48
14 1.8086 0.48
15 1.8086 0.45
16 1.8086 0.425
17 1.8086 0.41
18 1.8086 0.4
19 1.8086 0.4
20 1.8086 0.395
21 1.8086 0.39
22 1.8086 0.385
23 1.8086 0.385
24 1.8086 0.385
25 1.8086 0.385
26 1.8086 0.385
27 1.8086 0.39
28 1.8086 0.39
29 1.8086 0.39
30 1.8086 0.395
31 1.8086 0.4
32 1.8086 0.41
33 1.8086 0.415
34 1.8086 0.42
35 1.8086 0.42
36 1.8086 0.42
37 1.8086 0.42
38 1.8086 0.415
39 1.8086 0.42
40 1.8086 0.42
41 1.8086 0.425
42 1.8086 0.43
43 1.8086 0.43
44 1.8086 0.435
45 1.8086 0.435
46 1.80936 0.435
47 1.8105 0.44
48 1.8105 0.44
49 1.8105 0.44
50 1.8105 0.44
51 1.8105 0.44
52 1.8105 0.44
53 1.8105 0.44
54 1.8105 0.445
55 1.8106 0.445
56 1.81964 0.45
57 1.83692 0.455
58 1.81671 0.46
59 1.8105 0.46
60 1.8105 0.46
61 1.8105 0.465
62 1.80917 0.465
63 1.8086 0.465
64 1.8086 0.465
65 1.8086 0.465
66 1.8086 0.465
67 1.8086 0.465
68 1.8086 0.465
69 1.8086 0.465
70 1.80547 0.465
71 1.79295 0.465
72 1.78043 0.47
73 1.7773 0.48
74 1.78043 0.485
75 1.7773 0.495
76 1.7773 0.495
77 1.7773 0.5
78 1.7773 0.505
79 1.7773 0.505
80 1.7773 0.505
81 1.7773 0.51
82 1.7773 0.51
83 1.7773 0.51
84 1.7773 0.51
85 1.78043 0.48
86 1.7773 0.455
87 1.7773 0.435
88 1.7773 0.42
89 1.7773 0.41
90 1.7773 0.4
91 1.7773 0.395
92 1.7773 0.39
93 1.7773 0.39
94 1.7773 0.385
95 1.7773 0.385
96 1.79295 0.38
97 1.8086 0.38
98 1.8086 0.425
99 1.8086 0.425
