0 1.4648 0.475
1 1.4648 0.475
2 1.4648 0.475
3 1.47536 0.0
4 1.4734 0.475
5 1.4648 0.475
6 1.4648 0.475
7 1.4734 0.475
8 1.4691 0.47
9 1.50115 0.465
10 1.5078 0.465
11 1.49803 0.465
12 1.48083 0.465
13 1.51131 0.465
14 1.52262 0.465
15 1.5273 0.465
16 1.5273 0.46
17 1.53043 0.46
18 1.54295 0.46
19 1.5586 0.46
20 1.55547 0.465
21 1.55547 0.47
22 1.5586 0.475
23 1.5586 0.475
24 1.5586 0.475
25 1.5586 0.48
26 1.5586 0.48
27 1.5586 0.48
28 1.5586 0.48
29 1.5586 0.48
30 1.5586 0.475
31 1.5586 0.47
32 1.5586 0.465
33 1.5586 0.46
34 1.5586 0.455
35 1.5586 0.46
36 1.5586 0.465
37 1.5586 0.465
38 1.5586 0.46
39 1.5586 0.455
40 1.5586 0.45
41 1.5586 0.45
42 1.5586 0.445
43 1.5586 0.44
44 1.5586 0.435
45 1.5586 0.435
46 1.5586 0.435
47 1.5586 0.44
48 1.5586 0.44
49 1.5586 0.445
50 1.5586 0.45
51 1.5586 0.45
52 1.5586 0.45
53 1.5586 0.445
54 1.5586 0.445
55 1.53669 0.445
56 1.5273 0.45
57 1.5273 0.455
58 1.5273 0.46
59 1.5273 0.46
60 1.5273 0.46
61 1.5273 0.465
62 1.5273 0.46
63 1.5273 0.46
64 1.5273 0.455
65 1.50074 0.455
66 1.45894 0.45
67 1.50446 0.45
68 1.61196 0.45
69 1.55879 0.45
70 1.55547 0.445
71 1.55993 0.445
72 1.55917 0.445
73 1.5586 0.445
74 1.5586 0.455
75 1.5586 0.46
76 1.5586 0.47
77 1.5586 0.47
78 1.55547 0.48
79 1.53356 0.49
80 1.5273 0.495
81 1.5273 0.5
82 1.5273 0.505
83 1.5273 0.51
84 1.5273 0.515
85 1.5273 0.515
86 1.5273 0.52
87 1.5273 0.52
88 1.5273 0.525
89 1.5273 0.525
90 1.5273 0.53
91 1.5273 0.535
92 1.5273 0.54
93 1.52262 0.535
94 1.52106 0.535
95 1.5117 0.535
96 1.52418 0.535
97 1.5273 0.53
98 1.5273 0.535
99 1.5273 0.54
100 1.5273 0.545
101 1.5273 0.55
102 1.5273 0.55
103 1.5273 0.55
104 1.5273 0.555
105 1.5273 0.55
106 1.5273 0.55
107 1.5273 0.54
108 1.52379 0.535
109 1.45993 0.535
110 1.51168 0.53
111 1.5273 0.535
112 1.5273 0.535
113 1.5273 0.535
114 1.5273 0.535
115 1.5273 0.54
116 1.5273 0.545
117 1.5273 0.55
118 1.5273 0.555
119 1.5273 0.56
120 1.5273 0.56
121 1.5273 0.565
122 1.5273 0.57
123 1.5273 0.57
124 1.5273 0.565
125 1.5273 0.56
126 1.5273 0.55
127 1.52262 0.54
128 1.5117 0.535
129 1.5117 0.53
130 1.5117 0.525
131 1.5117 0.525
132 1.5117 0.525
133 1.5117 0.52
134 1.5117 0.515
135 1.5117 0.51
136 1.5117 0.51
137 1.5117 0.505
138 1.51326 0.51
139 1.51794 0.515
140 1.5117 0.515
141 1.5117 0.51
142 1.5117 0.505
143 1.5117 0.5
144 1.5117 0.495
145 1.5117 0.495
146 1.5117 0.49
147 1.5117 0.49
148 1.51014 0.485
149 1.50858 0.485
150 1.5078 0.485
151 1.5117 0.485
152 1.5273 0.485
153 1.52574 0.485
154 1.52418 0.49
155 1.52106 0.495
156 1.5195 0.5
157 1.47147 0.5
158 1.4906 0.5
159 1.45894 0.5
160 1.45601 0.5
161 1.45308 0.505
162 1.43848 0.505
163 1.45318 0.51
164 1.4648 0.51
165 1.4648 0.515
166 1.4648 0.51
167 1.46168 0.51
168 1.39416 0.505
169 1.3711 0.505
170 1.38364 0.5
171 1.39945 0.5
172 1.3711 0.495
173 1.3711 0.495
174 1.36797 0.495
175 1.34293 0.495
176 1.3398 0.495
177 1.3398 0.495
178 1.36484 0.505
179 1.37815 0.51
180 1.4336 0.515
181 1.4336 0.52
182 1.4336 0.52
183 1.4336 0.52
184 1.4336 0.52
185 1.43379 0.52
186 1.43493 0.52
187 1.43512 0.52
188 1.4355 0.52
189 1.44722 0.52
190 1.44727 0.515
191 1.46187 0.505
192 1.4648 0.5
193 1.4648 0.495
194 1.4648 0.49
195 1.4648 0.49
196 1.4648 0.48
197 1.4648 0.475
198 1.4648 0.47
199 1.482 0.47
200 1.49256 0.47
201 1.4863 0.47
202 1.4648 0.47
203 1.4648 0.465
204 1.4648 0.46
205 1.46793 0.455
206 1.4777 0.45
207 1.48513 0.45
208 1.4863 0.45
209 1.50233 0.45
210 1.5035 0.45
211 1.4734 0.445
212 1.4648 0.44
213 1.4648 0.435
214 1.4648 0.44
215 1.4648 0.44
216 1.4734 0.44
217 1.5078 0.445
218 1.5078 0.445
219 1.47223 0.45
220 1.4906 0.445
221 1.5078 0.445
222 1.51092 0.445
223 1.5117 0.44
224 1.5273 0.44
225 1.5273 0.445
226 1.53043 0.45
227 1.5273 0.45
228 1.5273 0.455
229 1.5273 0.455
230 1.5273 0.46
231 1.5273 0.46
232 1.5273 0.465
233 1.5273 0.465
234 1.5273 0.47
235 1.5273 0.47
236 1.5273 0.47
237 1.5273 0.47
238 1.5273 0.47
239 1.5273 0.47
240 1.5273 0.465
241 1.5273 0.465
242 1.5273 0.465
243 1.5273 0.46
244 1.5273 0.46
245 1.5273 0.46
246 1.5273 0.455
247 1.5273 0.46
248 1.5273 0.465
249 1.5273 0.47
250 1.5273 0.475
251 1.5273 0.475
252 1.5273 0.47
253 1.5273 0.47
254 1.5273 0.465
255 1.5273 0.465
256 1.5273 0.465
257 1.5273 0.465
258 1.5273 0.465
259 1.5273 0.465
260 1.5273 0.46
261 1.5273 0.465
262 1.5273 0.465
263 1.5273 0.465
264 1.5273 0.475
265 1.5273 0.48
266 1.5273 0.485
267 1.5273 0.49
268 1.5273 0.49
269 1.5273 0.495
270 1.49488 0.5
271 1.43984 0.5
272 1.4619 0.495
273 1.5273 0.485
274 1.5273 0.485
275 1.5273 0.48
276 1.5273 0.47
277 1.5273 0.465
278 1.49294 0.465
279 1.5273 0.46
280 1.5586 0.46
281 1.5586 0.46
282 1.5586 0.455
283 1.5586 0.455
284 1.5586 0.455
285 1.5586 0.455
286 1.5586 0.455
287 1.5586 0.455
288 1.5586 0.455
289 1.58553 0.455
290 1.95704 0.46
291 1.93047 0.465
292 1.9023 0.465
293 1.9023 0.47
294 1.89063 0.47
295 1.81213 0.475
296 1.91191 0.475
297 1.9336 0.475
298 1.9336 0.475
299 1.92108 0.475
300 1.91795 0.475
301 1.90856 0.475
302 1.9023 0.475
303 1.9023 0.475
304 1.89942 0.475
305 1.87618 0.48
306 1.873 0.475
307 1.873 0.475
308 1.87262 0.475
309 1.86599 0.47
310 1.87129 0.47
311 1.8711 0.465
312 1.8711 0.465
313 1.8711 0.465
314 1.8711 0.46
315 1.8711 0.46
316 1.78691 0.46
317 1.47752 0.45
318 1.75741 0.445
319 1.8106 0.44
320 1.74335 0.435
321 1.9336 0.43
322 1.9336 0.43
323 1.9336 0.425
324 1.9336 0.425
325 1.9336 0.425
326 1.9336 0.425
327 1.92441 0.425
328 1.9336 0.425
329 1.9336 0.425
330 1.9336 0.425
331 1.9336 0.425
332 1.9336 0.425
333 1.9336 0.43
334 1.92734 0.44
335 1.91482 0.45
336 1.9023 0.46
337 1.9023 0.47
338 1.89078 0.475
339 1.88214 0.48
340 1.8732 0.485
341 1.873 0.49
342 1.873 0.49
343 1.873 0.49
344 1.87281 0.48
345 1.86618 0.475
346 1.873 0.475
347 1.87262 0.47
348 1.87205 0.465
349 1.87186 0.46
350 1.87129 0.455
351 1.8711 0.455
352 1.8711 0.455
353 1.8711 0.455
354 1.8711 0.46
355 1.8711 0.46
356 1.8711 0.455
357 1.8711 0.445
358 1.8711 0.44
359 1.8711 0.43
360 1.8711 0.435
361 1.8711 0.435
362 1.86504 0.44
363 1.85546 0.44
364 1.8711 0.44
365 1.8711 0.44
366 1.8711 0.445
367 1.8711 0.445
368 1.8711 0.455
369 1.8711 0.465
370 1.8711 0.475
371 1.8711 0.48
372 1.86817 0.49
373 1.8711 0.49
374 1.86817 0.495
375 1.85352 0.495
376 1.86231 0.5
377 1.85059 0.5
378 1.8416 0.5
379 1.8418 0.5
380 1.83539 0.5
381 1.8034 0.5
382 1.8086 0.5
383 1.81368 0.505
384 1.8254 0.505
385 1.83692 0.51
386 1.83404 0.505
387 1.8398 0.5
388 1.8398 0.495
389 1.8254 0.485
390 1.8254 0.48
391 1.81388 0.475
392 1.81676 0.475
393 1.81388 0.47
394 1.811 0.46
395 1.811 0.455
396 1.811 0.45
397 1.81075 0.445
398 1.81031 0.445
399 1.8068 0.44
400 1.8105 0.44
401 1.8105 0.44
402 1.8105 0.445
403 1.8105 0.445
404 1.8105 0.445
405 1.81031 0.45
406 1.80955 0.45
407 1.80955 0.455
408 1.80898 0.455
409 1.8086 0.455
410 1.8086 0.455
411 1.8086 0.455
412 1.8086 0.46
413 1.8086 0.455
414 1.8086 0.45
415 1.8086 0.445
416 1.8086 0.44
417 1.80235 0.44
418 1.8086 0.44
419 1.8086 0.435
420 1.8086 0.435
421 1.8086 0.435
422 1.80898 0.44
423 1.8086 0.435
424 1.8086 0.435
425 1.8086 0.435
426 1.8086 0.435
427 1.8086 0.435
428 1.8086 0.44
429 1.8086 0.445
430 1.8086 0.445
431 1.8086 0.45
432 1.8086 0.455
433 1.8086 0.455
434 1.80547 0.455
435 1.8086 0.455
436 1.80879 0.455
437 1.8086 0.455
438 1.8086 0.46
439 1.81031 0.46
440 1.80955 0.46
441 1.8105 0.46
442 1.8105 0.46
443 1.8105 0.455
444 1.8105 0.45
445 1.81085 0.445
446 1.811 0.44
447 1.811 0.44
448 1.811 0.44
449 1.811 0.445
450 1.81964 0.45
451 1.83692 0.455
452 1.83082 0.455
453 1.83692 0.455
454 1.8254 0.45
455 1.81964 0.445
456 1.8398 0.445
457 1.8414 0.445
458 1.841 0.445
459 1.84453 0.45
460 1.85645 0.455
461 1.8711 0.465
462 1.8711 0.475
463 1.86817 0.485
464 1.8711 0.495
465 1.8711 0.505
466 1.8711 0.515
467 1.86817 0.52
468 1.85059 0.52
469 1.83692 0.525
470 1.83082 0.525
471 1.8398 0.525
472 1.8398 0.525
473 1.83692 0.52
474 1.83692 0.515
475 1.84 0.51
476 1.83404 0.5
477 1.8398 0.495
478 1.8398 0.49
479 1.8406 0.485
480 1.8402 0.475
481 1.8398 0.47
482 1.8398 0.465
483 1.83404 0.46
484 1.83116 0.455
485 1.81388 0.455
486 1.83404 0.45
487 1.83106 0.455
488 1.81041 0.455
489 1.83692 0.455
490 1.83404 0.455
491 1.8398 0.455
492 1.8398 0.45
493 1.8408 0.45
494 1.85039 0.455
495 1.86817 0.46
496 1.8711 0.46
497 1.8711 0.465
498 1.8711 0.465
499 1.8711 0.465
500 1.8711 0.46
501 1.86524 0.45
502 1.85938 0.45
503 1.86817 0.445
504 1.86817 0.445
505 1.86196 0.445
506 1.8498 0.44
507 1.86817 0.44
508 1.86231 0.44
509 1.86817 0.44
510 1.85352 0.44
511 1.85352 0.435
512 1.86231 0.435
513 1.8711 0.43
514 1.86231 0.435
515 1.86231 0.435
516 1.8711 0.435
517 1.86817 0.43
518 1.8711 0.43
519 1.86524 0.425
520 1.86524 0.425
521 1.8711 0.425
522 1.86524 0.425
523 1.85312 0.425
524 1.84399 0.425
525 1.86524 0.425
526 1.84473 0.425
527 1.841 0.43
528 1.86817 0.44
529 1.86524 0.445
530 1.84473 0.445
531 1.84746 0.45
532 1.8414 0.455
533 1.8412 0.455
534 1.8398 0.455
535 1.8402 0.46
536 1.8402 0.46
537 1.8404 0.465
538 1.84726 0.47
539 1.85938 0.475
540 1.8711 0.475
541 1.86504 0.475
542 1.85546 0.475
543 1.8711 0.475
544 1.87205 0.475
545 1.87243 0.48
546 1.873 0.48
547 1.87281 0.48
548 1.87167 0.475
549 1.87243 0.475
550 1.87281 0.47
551 1.87148 0.47
552 1.8711 0.465
553 1.8711 0.465
554 1.87129 0.465
555 1.8711 0.46
556 1.8711 0.46
557 1.8711 0.455
558 1.8711 0.455
559 1.86509 0.445
560 1.8711 0.445
561 1.8711 0.44
562 1.8711 0.435
563 1.8711 0.43
564 1.8711 0.43
565 1.86817 0.43
566 1.84686 0.43
567 1.8406 0.43
568 1.85352 0.43
569 1.84 0.43
570 1.85918 0.43
571 1.83752 0.43
572 1.8398 0.43
573 1.84313 0.425
574 1.84706 0.425
575 1.81964 0.42
576 1.81671 0.415
577 1.81066 0.415
578 1.811 0.415
579 1.82252 0.415
580 1.82252 0.42
581 1.811 0.42
582 1.811 0.425
583 1.811 0.425
584 1.811 0.43
585 1.811 0.425
586 1.81095 0.425
587 1.81095 0.425
588 1.8106 0.425
589 1.8105 0.425
590 1.8105 0.42
591 1.8105 0.415
592 1.8105 0.415
593 1.8105 0.41
594 1.81012 0.41
595 1.8068 0.405
596 1.8105 0.405
597 1.80955 0.405
598 1.80917 0.405
599 1.8086 0.405
