0 1.3086 0.485
1 1.3086 0.495
2 1.3086 0.5
3 1.3086 0.505
4 1.3086 0.505
5 1.3086 0.51
6 1.3086 0.505
7 1.3086 0.5
8 1.30879 0.495
9 1.31031 0.495
10 1.31075 0.5
11 1.3254 0.505
12 1.3398 0.505
13 1.3398 0.5
14 1.34919 0.49
15 1.19238 0.485
16 1.28421 0.0
17 1.35547 0.475
18 1.36172 0.48
19 1.3711 0.48
20 1.3711 0.48
21 1.3586 0.485
22 1.36797 0.485
23 1.3711 0.485
24 1.37205 0.49
25 1.37305 0.49
26 1.37633 0.49
27 1.39914 0.49
28 1.42421 0.49
29 1.4336 0.49
30 1.4336 0.49
31 1.4336 0.49
32 1.4336 0.49
33 1.4336 0.49
34 1.4336 0.495
35 1.42735 0.505
36 1.4336 0.505
37 1.4336 0.51
38 1.4336 0.51
39 1.4336 0.515
40 1.4336 0.515
41 1.43398 0.52
42 1.43455 0.525
43 1.43555 0.53
44 1.45015 0.53
45 1.4648 0.535
46 1.4648 0.54
47 1.4777 0.54
48 1.4863 0.545
49 1.49803 0.545
50 1.5078 0.545
51 1.50936 0.545
52 1.49822 0.545
53 1.48494 0.54
54 1.5117 0.54
55 1.5117 0.54
56 1.5117 0.535
57 1.51794 0.535
58 1.5273 0.53
59 1.5273 0.53
60 1.5273 0.525
61 1.5273 0.52
62 1.5273 0.515
63 1.5273 0.51
64 1.5273 0.5
65 1.5273 0.49
66 1.5273 0.485
67 1.5273 0.475
68 1.5273 0.475
69 1.5273 0.47
70 1.51793 0.47
71 1.5273 0.47
72 1.5273 0.47
73 1.5273 0.47
74 1.5273 0.465
75 1.5273 0.465
76 1.5273 0.465
77 1.53043 0.465
78 1.53356 0.465
79 1.55234 0.465
80 1.5586 0.465
81 1.5586 0.465
82 1.5586 0.46
83 1.5586 0.465
84 1.5586 0.465
85 1.5586 0.465
86 1.5586 0.465
87 1.55039 0.47
88 1.5586 0.47
89 1.5586 0.47
90 1.5586 0.47
91 1.5586 0.47
92 1.5586 0.47
93 1.5586 0.47
94 1.5586 0.475
95 1.5586 0.48
96 1.55898 0.485
97 1.56012 0.49
98 1.36171 0.495
99 1.5586 0.495
100 1.5586 0.5
101 1.55879 0.5
102 1.56031 0.5
103 1.5605 0.5
104 1.56027 0.5
105 1.55861 0.505
106 1.58116 0.505
107 1.58692 0.505
108 1.58404 0.505
109 1.5898 0.505
110 1.5898 0.5
111 1.58692 0.5
112 1.5898 0.495
113 1.60858 0.49
114 1.61484 0.49
115 1.51839 0.49
116 1.6211 0.485
117 1.6211 0.48
118 1.6211 0.48
119 1.6211 0.475
120 1.62205 0.475
121 1.5961 0.475
122 1.22754 0.475
123 1.52328 0.475
124 1.55234 0.475
125 1.30097 0.475
126 1.1836 0.475
127 1.1836 0.475
128 1.1836 0.47
129 1.1836 0.47
130 1.1836 0.47
131 1.1836 0.47
132 1.1836 0.47
133 1.21191 0.47
134 1.28617 0.47
135 1.29804 0.47
136 1.26852 0.47
137 1.2629 0.465
138 1.26573 0.455
139 1.27154 0.445
140 1.26578 0.445
141 1.28904 0.44
142 1.3086 0.435
143 1.30941 0.43
144 1.31373 0.43
145 1.3254 0.43
146 1.33404 0.43
147 1.3254 0.43
148 1.33767 0.43
149 1.3711 0.43
150 1.37186 0.435
151 1.37325 0.445
152 1.38478 0.455
153 1.373 0.46
154 1.38175 0.465
155 1.41091 0.47
156 1.41801 0.47
157 1.4293 0.47
158 1.42016 0.48
159 1.41532 0.49
160 1.42617 0.495
161 1.4336 0.5
162 1.4336 0.505
163 1.4336 0.505
164 1.37191 0.505
165 1.40883 0.51
166 1.4336 0.515
167 1.4336 0.515
168 1.4336 0.52
169 1.34658 0.52
170 1.38696 0.52
171 1.35922 0.52
172 1.35825 0.52
173 1.33657 0.52
174 1.23984 0.52
175 1.24238 0.52
176 1.19004 0.52
177 1.31821 0.525
178 1.22788 0.525
179 1.22422 0.525
180 1.1836 0.525
181 1.1836 0.525
182 1.1836 0.525
183 1.1836 0.525
184 1.1836 0.525
185 1.1836 0.525
186 1.1836 0.525
187 1.1836 0.53
188 1.25278 0.53
189 1.22127 0.525
190 1.23696 0.525
191 1.28321 0.52
192 1.23133 0.52
193 1.24095 0.52
194 1.19028 0.52
195 1.29634 0.52
196 1.3086 0.52
197 1.3086 0.52
198 1.30936 0.52
199 1.31671 0.515
200 1.3398 0.515
201 1.3398 0.515
202 1.36484 0.515
203 1.3711 0.515
204 1.3711 0.515
205 1.3711 0.515
206 1.3711 0.52
207 1.3711 0.525
208 1.3711 0.53
209 1.3711 0.53
210 1.3711 0.53
211 1.3711 0.53
212 1.3711 0.53
213 1.3711 0.535
214 1.3711 0.535
215 1.3711 0.535
216 1.3711 0.535
217 1.37129 0.54
218 1.37186 0.54
219 1.37243 0.53
220 1.37224 0.52
221 1.37262 0.515
222 1.373 0.51
223 1.373 0.51
224 1.39361 0.505
225 1.38204 0.505
226 1.40202 0.505
227 1.43282 0.5
228 1.41728 0.5
229 1.41728 0.5
230 1.4336 0.505
231 1.40515 0.505
232 1.41116 0.51
233 1.4336 0.51
234 1.41742 0.51
235 1.42069 0.505
236 1.42094 0.495
237 1.4035 0.49
238 1.40266 0.485
239 1.4272 0.485
240 1.4336 0.48
241 1.4336 0.48
242 1.4336 0.475
243 1.42735 0.475
244 1.4336 0.475
245 1.4336 0.47
246 1.4336 0.47
247 1.4336 0.465
248 1.4336 0.46
249 1.4336 0.455
250 1.4336 0.45
251 1.4336 0.445
252 1.4336 0.44
253 1.4336 0.435
254 1.4336 0.435
255 1.4336 0.435
256 1.4336 0.43
257 1.4336 0.43
258 1.4336 0.43
259 1.4336 0.43
260 1.4336 0.43
261 1.4336 0.43
262 1.4336 0.43
263 1.4336 0.43
264 1.43398 0.43
265 1.43398 0.43
266 1.4336 0.435
267 1.43417 0.44
268 1.43843 0.445
269 1.43858 0.45
270 1.44146 0.45
271 1.4355 0.46
272 1.4355 0.465
273 1.43493 0.47
274 1.4355 0.475
275 1.45313 0.48
276 1.44996 0.485
277 1.35296 0.485
278 1.71191 0.485
279 1.6836 0.485
280 1.6836 0.49
281 1.6836 0.49
282 1.6836 0.49
283 1.6836 0.49
284 1.68436 0.49
285 1.68493 0.49
286 1.68512 0.49
287 1.68398 0.495
288 1.68379 0.51
289 1.6836 0.52
290 1.6836 0.53
291 1.6836 0.54
292 1.6836 0.545
293 1.6836 0.55
294 1.6836 0.555
295 1.67754 0.565
296 1.6836 0.565
297 1.65022 0.575
298 1.65027 0.58
299 1.62638 0.585
300 1.62315 0.59
301 1.623 0.59
302 1.62262 0.595
303 1.62167 0.595
304 1.62243 0.595
305 1.62224 0.595
306 1.61484 0.595
307 1.61797 0.595
308 1.6211 0.59
309 1.6211 0.58
310 1.6211 0.57
311 1.6211 0.565
312 1.61797 0.56
313 1.6211 0.56
314 1.6211 0.555
315 1.6211 0.555
316 1.6211 0.555
317 1.6211 0.555
318 1.6211 0.555
319 1.6211 0.555
320 1.6211 0.56
321 1.6211 0.565
322 1.6211 0.565
323 1.6211 0.57
324 1.6211 0.565
325 1.6211 0.555
326 1.6211 0.55
327 1.6211 0.545
328 1.6211 0.545
329 1.61797 0.54
330 1.6211 0.54
331 1.6211 0.535
332 1.6211 0.535
333 1.6211 0.53
334 1.6211 0.53
335 1.6211 0.525
336 1.59293 0.525
337 1.59293 0.525
338 1.61171 0.525
339 1.61484 0.525
340 1.61171 0.525
341 1.61797 0.525
342 1.5898 0.525
343 1.5898 0.525
344 1.59293 0.525
345 1.60545 0.525
346 1.61484 0.525
347 1.6211 0.525
348 1.6211 0.525
349 1.6211 0.525
350 1.6211 0.525
351 1.6211 0.525
352 1.6211 0.525
353 1.6211 0.525
354 1.6211 0.525
355 1.6211 0.525
356 1.6211 0.525
357 1.6211 0.525
358 1.6211 0.525
359 1.6211 0.525
360 1.6211 0.525
361 1.6211 0.525
362 1.6211 0.525
363 1.61797 0.525
364 1.61172 0.525
365 1.6211 0.525
366 1.6211 0.525
367 1.6211 0.525
368 1.6211 0.525
369 1.6211 0.525
370 1.6211 0.525
371 1.6211 0.525
372 1.6211 0.525
373 1.6211 0.52
374 1.6211 0.525
375 1.6211 0.525
376 1.6211 0.525
377 1.6211 0.53
378 1.6211 0.53
379 1.6211 0.53
380 1.6211 0.53
381 1.6211 0.53
382 1.6211 0.53
383 1.6211 0.535
384 1.6211 0.54
385 1.6211 0.55
386 1.6211 0.555
387 1.6211 0.565
388 1.58757 0.565
389 1.59919 0.57
390 1.61797 0.565
391 1.6211 0.56
392 1.6211 0.555
393 1.61797 0.55
394 1.56234 0.55
395 1.57506 0.545
396 1.56353 0.545
397 1.59606 0.545
398 1.61484 0.545
399 1.59919 0.545
400 1.58116 0.545
401 1.55975 0.545
402 1.61797 0.545
403 1.62167 0.545
404 1.6211 0.54
405 1.6211 0.54
406 1.6211 0.54
407 1.64095 0.54
408 1.6836 0.54
409 1.6836 0.54
410 1.68474 0.54
411 1.68531 0.54
412 1.68531 0.55
413 1.68531 0.56
414 1.68531 0.565
415 1.68455 0.57
416 1.68436 0.57
417 1.68436 0.57
418 1.68436 0.58
419 1.6836 0.585
420 1.6836 0.595
421 1.6836 0.6
422 1.6836 0.6
423 1.6836 0.605
424 1.6836 0.605
425 1.6836 0.605
426 1.68474 0.61
427 1.6836 0.61
428 1.68441 0.61
429 1.68532 0.58
430 1.70899 0.555
431 1.73984 0.535
432 1.74317 0.52
433 1.74297 0.51
434 1.71793 0.51
435 1.7148 0.505
436 1.7461 0.505
437 1.72419 0.505
438 1.7148 0.51
439 1.7004 0.515
440 1.68565 0.515
441 1.68575 0.51
442 1.68455 0.505
443 1.68379 0.5
444 1.6836 0.5
445 1.6836 0.505
446 1.6836 0.515
447 1.6836 0.525
448 1.6836 0.54
449 1.68379 0.56
450 1.6836 0.575
451 1.6836 0.575
452 1.6836 0.595
453 1.6836 0.61
454 1.6836 0.62
455 1.6836 0.625
456 1.6559 0.62
457 1.6836 0.62
458 1.53084 0.615
459 1.65676 0.61
460 1.68474 0.605
461 1.70035 0.6
462 1.7148 0.6
463 1.71793 0.6
464 1.70589 0.6
465 1.5782 0.6
466 1.54921 0.6
467 1.5586 0.595
468 1.40764 0.595
469 1.52262 0.59
470 1.4613 0.585
471 1.39297 0.58
472 1.44745 0.575
473 1.4406 0.575
474 1.47223 0.57
475 1.51053 0.57
476 1.5117 0.57
477 1.52574 0.57
478 1.5273 0.57
479 1.5273 0.57
480 1.5273 0.57
481 1.5273 0.565
482 1.5273 0.565
483 1.5273 0.565
484 1.5273 0.565
485 1.5273 0.565
486 1.5273 0.565
487 1.5273 0.56
488 1.5273 0.555
489 1.5273 0.545
490 1.42131 0.545
491 1.35257 0.535
492 1.4246 0.53
493 1.4863 0.525
494 1.51014 0.52
495 1.5117 0.52
496 1.5117 0.515
497 1.5117 0.515
498 1.5035 0.51
499 1.35566 0.51
500 1.39946 0.505
501 1.38066 0.5
502 1.51774 0.495
503 1.55879 0.495
504 1.56816 0.495
505 1.52028 0.49
506 1.61196 0.49
507 1.6211 0.49
508 1.6211 0.485
509 1.6211 0.485
510 1.6211 0.485
511 1.6211 0.485
512 1.6211 0.485
513 1.6211 0.485
514 1.6211 0.485
515 1.61484 0.485
516 1.61484 0.485
517 1.59293 0.485
518 1.5898 0.485
519 1.54631 0.485
520 1.52418 0.485
521 1.559 0.485
522 1.60545 0.485
523 1.59631 0.485
524 1.60232 0.485
525 1.61171 0.485
526 1.5898 0.485
527 1.57823 0.485
528 1.60545 0.485
529 1.61171 0.485
530 1.60545 0.485
531 1.56887 0.485
532 1.55547 0.485
533 1.5074 0.485
534 1.49138 0.485
535 1.4863 0.485
536 1.46617 0.485
537 1.47184 0.485
538 1.45857 0.485
539 1.51482 0.485
540 1.5273 0.485
541 1.5273 0.485
542 1.51794 0.485
543 1.49411 0.485
544 1.51131 0.485
545 1.52574 0.485
546 1.5273 0.485
547 1.5273 0.485
548 1.5273 0.485
549 1.5273 0.485
550 1.5273 0.485
551 1.54921 0.485
552 1.54608 0.485
553 1.5273 0.485
554 1.53356 0.49
555 1.54921 0.49
556 1.5273 0.49
557 1.55547 0.49
558 1.5586 0.49
559 1.5586 0.49
560 1.5586 0.495
561 1.54608 0.5
562 1.5586 0.5
563 1.5586 0.5
564 1.5586 0.5
565 1.51794 0.495
566 1.5273 0.49
567 1.53043 0.49
568 1.52379 0.49
569 1.4656 0.495
570 1.44627 0.495
571 1.44939 0.5
572 1.50115 0.5
573 1.5117 0.505
574 1.52262 0.51
575 1.5156 0.51
576 1.5117 0.51
577 1.51638 0.51
578 1.5273 0.51
579 1.5273 0.51
580 1.5273 0.51
581 1.5273 0.51
582 1.5273 0.51
583 1.52418 0.51
584 1.52106 0.51
585 1.51092 0.505
586 1.5078 0.5
587 1.51326 0.5
588 1.50897 0.495
589 1.50154 0.495
590 1.44022 0.495
591 1.46036 0.495
592 1.4906 0.495
593 1.4648 0.495
594 1.4648 0.495
595 1.50428 0.49
596 1.4777 0.49
597 1.4648 0.49
598 1.48669 0.49
599 1.51287 0.49
